1514517473883 5.000305 1.78E-43 -3.837409E-25 0
1514517794766 5.000305 1.78E-43 -3.837409E-25 1
1514517948316 0.0 1.78E-43 -3.837409E-25 1
1514517948600 5.000305 1.78E-43 -3.837409E-25 1
1514517948806 0.0 1.78E-43 -3.837409E-25 1
1514517953154 5.000305 1.78E-43 -3.837409E-25 1
1514517953721 0.0 1.78E-43 -3.837409E-25 1
1514517953773 5.000305 1.78E-43 -3.837409E-25 1
1514517961349 0.0 1.78E-43 -3.837409E-25 1
1514517961739 5.000305 1.78E-43 -3.837409E-25 1
1514517962525 0.0 1.78E-43 -3.837409E-25 1
1514517963018 5.000305 1.78E-43 -3.837409E-25 1
1514517963563 0.0 1.78E-43 -3.837409E-25 1
1514517963577 5.000305 1.78E-43 -3.837409E-25 1
1514517965005 0.0 1.78E-43 -3.837409E-25 1
1514517965277 5.000305 1.78E-43 -3.837409E-25 1
1514517965851 0.0 1.78E-43 -3.837409E-25 1
1514517966544 5.000305 1.78E-43 -3.837409E-25 1
1514517967805 0.0 1.78E-43 -3.837409E-25 1
1514517968268 5.000305 1.78E-43 -3.837409E-25 1
1514518136314 5.000305 1.78E-43 -3.837409E-25 2
1514518227048 0.0 1.78E-43 -3.837409E-25 2
1514518239167 5.000305 1.78E-43 -3.837409E-25 2
1514518441478 0.0 1.78E-43 -3.837409E-25 2
1514518442626 5.000305 1.78E-43 -3.837409E-25 2
1514518444615 0.0 1.78E-43 -3.837409E-25 2
1514518491873 5.000305 1.78E-43 -3.837409E-25 2
