
==============================================================================
DURATION:500 xAverage yAverage zAverage xStandardDeviation yStandardDeviation zStandardDeviation xAverageAbsoluteDifference yAverageAbsoluteDifference zAverageAbsoluteDifference averageResultantAcceleration 
==============================================================================
89.92   95.08   99.92   99.58   100.00  100.00  100.00  99.58   99.42   96.83   
78.42   90.08   92.42   64.58   100.00  100.00  97.42   66.08   99.42   77.58   
100.00  98.83   89.92   98.75   100.00  100.00  7.92    77.08   100.00  99.67   
33.33   63.92   69.00   89.67   99.92   100.00  81.50   65.75   98.75   82.00   
100.00  100.00  100.00  99.92   89.33   95.58   100.00  99.08   100.00  100.00  
100.00  100.00  100.00  100.00  99.67   89.92   100.00  99.75   100.00  99.75   
100.00  99.92   38.75   100.00  100.00  100.00  89.83   87.67   100.00  99.92   
99.33   88.75   48.92   88.08   99.83   89.58   39.92   90.00   20.42   74.17   
100.00  100.00  100.00  100.00  100.00  100.00  100.00  96.00   90.00   93.58   
17.67   53.83   82.67   77.92   100.00  79.33   79.25   28.92   9.42    89.67   
87.29
==============================================================================
DURATION:1000 xAverage yAverage zAverage xStandardDeviation yStandardDeviation zStandardDeviation xAverageAbsoluteDifference yAverageAbsoluteDifference zAverageAbsoluteDifference averageResultantAcceleration 
==============================================================================
90.00   100.00  100.00  100.00  100.00  100.00  100.00  100.00  100.00  99.17   
98.50   89.50   99.83   73.17   100.00  100.00  99.83   93.83   100.00  91.00   
100.00  100.00  90.17   100.00  100.00  100.00  20.50   99.00   100.00  100.00  
59.33   66.00   99.83   89.83   100.00  100.00  99.83   89.67   100.00  92.17   
100.00  100.00  100.00  100.00  90.17   100.00  100.00  100.00  100.00  100.00  
100.00  100.00  100.00  100.00  100.00  90.00   100.00  100.00  100.00  100.00  
100.00  100.00  54.00   100.00  100.00  100.00  89.83   98.67   100.00  100.00  
100.00  86.00   96.00   93.67   100.00  100.00  95.17   90.33   45.50   89.17   
100.00  100.00  100.00  100.00  100.00  100.00  100.00  96.67   90.17   98.17   
20.67   55.83   99.83   79.33   100.00  100.00  100.00  45.00   7.17    89.67   
92.42
==============================================================================
DURATION:1500 xAverage yAverage zAverage xStandardDeviation yStandardDeviation zStandardDeviation xAverageAbsoluteDifference yAverageAbsoluteDifference zAverageAbsoluteDifference averageResultantAcceleration 
==============================================================================
90.00   100.00  100.00  100.00  100.00  100.00  100.00  100.00  100.00  99.00   
100.00  90.00   100.00  83.00   100.00  100.00  100.00  97.25   100.00  92.50   
100.00  100.00  90.00   100.00  100.00  100.00  21.25   97.25   100.00  100.00  
96.25   64.50   99.75   89.75   100.00  100.00  100.00  99.00   100.00  96.50   
100.00  100.00  100.00  100.00  90.00   100.00  100.00  99.75   100.00  100.00  
100.00  100.00  100.00  100.00  99.75   89.75   100.00  100.00  100.00  100.00  
100.00  100.00  47.75   100.00  100.00  100.00  89.75   97.50   100.00  100.00  
100.00  83.25   86.50   93.50   100.00  100.00  90.75   90.25   76.50   89.25   
100.00  100.00  100.00  100.00  100.00  100.00  100.00  96.75   90.00   97.00   
48.75   52.75   99.75   85.00   100.00  97.00   100.00  60.75   35.25   90.25   
93.83
==============================================================================
DURATION:2000 xAverage yAverage zAverage xStandardDeviation yStandardDeviation zStandardDeviation xAverageAbsoluteDifference yAverageAbsoluteDifference zAverageAbsoluteDifference averageResultantAcceleration 
==============================================================================
90.00   100.00  100.00  100.00  100.00  100.00  100.00  100.00  100.00  99.33   
100.00  89.00   100.00  85.00   100.00  100.00  100.00  97.33   100.00  93.00   
100.00  100.00  90.00   100.00  100.00  100.00  32.00   99.67   100.00  100.00  
93.33   66.33   100.00  89.67   100.00  100.00  100.00  98.67   100.00  95.67   
100.00  100.00  100.00  100.00  90.67   100.00  100.00  100.00  100.00  100.00  
100.00  100.00  100.00  100.00  100.00  90.33   100.00  100.00  100.00  100.00  
100.00  100.00  53.00   100.00  100.00  100.00  90.00   98.67   100.00  100.00  
100.00  86.33   97.67   96.67   100.00  100.00  97.00   90.00   80.67   91.00   
100.00  100.00  100.00  100.00  100.00  100.00  100.00  96.67   90.00   97.67   
51.00   51.00   100.00  87.33   100.00  100.00  100.00  63.00   70.33   90.00   
94.78
==============================================================================
DURATION:2500 xAverage yAverage zAverage xStandardDeviation yStandardDeviation zStandardDeviation xAverageAbsoluteDifference yAverageAbsoluteDifference zAverageAbsoluteDifference averageResultantAcceleration 
==============================================================================
90.42   100.00  100.00  100.00  100.00  100.00  100.00  100.00  100.00  99.58   
100.00  89.58   100.00  89.58   100.00  100.00  100.00  99.17   100.00  96.67   
100.00  100.00  90.83   100.00  100.00  100.00  30.00   99.58   100.00  100.00  
99.58   63.75   99.58   90.00   100.00  100.00  100.00  98.75   100.00  96.67   
100.00  100.00  100.00  100.00  90.83   100.00  100.00  100.00  100.00  100.00  
100.00  100.00  100.00  100.00  100.00  90.00   100.00  100.00  100.00  100.00  
100.00  100.00  51.67   100.00  100.00  100.00  90.00   98.75   100.00  100.00  
100.00  82.08   96.67   93.75   100.00  100.00  94.58   90.00   82.08   90.83   
100.00  100.00  100.00  100.00  100.00  100.00  100.00  97.50   89.58   98.75   
55.83   58.33   100.00  93.75   100.00  100.00  100.00  75.42   71.67   90.42   
95.16
==============================================================================
DURATION:3000 xAverage yAverage zAverage xStandardDeviation yStandardDeviation zStandardDeviation xAverageAbsoluteDifference yAverageAbsoluteDifference zAverageAbsoluteDifference averageResultantAcceleration 
==============================================================================
90.50   100.00  100.00  100.00  100.00  100.00  100.00  100.00  100.00  99.50   
100.00  90.50   100.00  82.00   100.00  100.00  100.00  97.50   100.00  95.00   
100.00  100.00  90.00   100.00  100.00  100.00  35.50   100.00  100.00  100.00  
99.50   79.00   100.00  90.00   100.00  100.00  100.00  99.50   100.00  99.00   
100.00  100.00  100.00  100.00  89.50   100.00  100.00  100.00  100.00  100.00  
100.00  100.00  100.00  100.00  100.00  90.00   100.00  100.00  100.00  100.00  
100.00  100.00  45.00   100.00  100.00  100.00  90.50   97.50   100.00  100.00  
100.00  88.00   99.50   96.00   100.00  100.00  99.00   89.50   94.00   91.00   
100.00  100.00  100.00  100.00  100.00  100.00  100.00  96.00   90.50   96.50   
81.50   67.00   100.00  95.50   100.00  100.00  100.00  76.00   91.00   91.00   
96.02
==============================================================================
DURATION:3500 xAverage yAverage zAverage xStandardDeviation yStandardDeviation zStandardDeviation xAverageAbsoluteDifference yAverageAbsoluteDifference zAverageAbsoluteDifference averageResultantAcceleration 
==============================================================================
90.06   100.00  100.00  100.00  100.00  100.00  100.00  100.00  100.00  98.83   
100.00  91.23   100.00  84.80   100.00  100.00  100.00  98.25   100.00  94.74   
100.00  100.00  89.47   100.00  100.00  100.00  28.07   100.00  100.00  100.00  
100.00  74.27   100.00  88.30   100.00  100.00  100.00  100.00  100.00  98.25   
100.00  100.00  100.00  100.00  88.89   100.00  100.00  100.00  100.00  100.00  
100.00  100.00  100.00  100.00  100.00  91.23   100.00  100.00  100.00  100.00  
100.00  100.00  52.63   100.00  100.00  100.00  90.64   99.42   100.00  100.00  
100.00  77.78   99.42   89.47   100.00  100.00  98.83   90.64   88.30   92.98   
100.00  100.00  100.00  100.00  100.00  100.00  100.00  96.49   90.06   97.08   
96.49   66.08   100.00  97.66   100.00  100.00  100.00  76.61   90.06   89.47   
95.96
==============================================================================
DURATION:4000 xAverage yAverage zAverage xStandardDeviation yStandardDeviation zStandardDeviation xAverageAbsoluteDifference yAverageAbsoluteDifference zAverageAbsoluteDifference averageResultantAcceleration 
==============================================================================
88.67   100.00  100.00  100.00  100.00  100.00  100.00  100.00  100.00  98.67   
100.00  90.67   100.00  86.67   100.00  100.00  100.00  97.33   100.00  93.33   
100.00  100.00  89.33   100.00  100.00  100.00  35.33   100.00  100.00  100.00  
100.00  74.00   100.00  92.00   100.00  100.00  100.00  99.33   100.00  98.67   
100.00  100.00  100.00  100.00  88.67   100.00  100.00  100.00  100.00  100.00  
100.00  100.00  100.00  100.00  100.00  89.33   100.00  100.00  100.00  100.00  
100.00  100.00  50.67   100.00  100.00  100.00  90.00   99.33   100.00  100.00  
100.00  78.67   99.33   92.67   100.00  100.00  100.00  88.67   90.00   88.67   
100.00  100.00  100.00  100.00  100.00  100.00  100.00  96.00   90.00   98.00   
95.33   57.33   100.00  96.67   100.00  100.00  100.00  84.67   92.00   89.33   
95.99
==============================================================================
DURATION:5000 xAverage yAverage zAverage xStandardDeviation yStandardDeviation zStandardDeviation xAverageAbsoluteDifference yAverageAbsoluteDifference zAverageAbsoluteDifference averageResultantAcceleration 
==============================================================================
90.00   100.00  100.00  100.00  100.00  100.00  100.00  100.00  100.00  99.17   
100.00  90.00   100.00  86.67   100.00  100.00  100.00  97.50   100.00  94.17   
100.00  100.00  90.83   100.00  100.00  100.00  33.33   100.00  100.00  100.00  
100.00  76.67   100.00  93.33   100.00  100.00  100.00  100.00  100.00  98.33   
100.00  100.00  100.00  100.00  90.00   100.00  100.00  100.00  100.00  100.00  
100.00  100.00  100.00  100.00  100.00  90.00   100.00  100.00  100.00  100.00  
100.00  100.00  56.67   100.00  100.00  100.00  90.00   97.50   100.00  100.00  
100.00  80.00   100.00  90.00   100.00  100.00  99.17   89.17   100.00  91.67   
100.00  100.00  100.00  100.00  100.00  100.00  100.00  95.83   89.17   99.17   
94.17   65.83   100.00  98.33   100.00  100.00  100.00  87.50   97.50   89.17   
96.41
==============================================================================
DURATION:10000 xAverage yAverage zAverage xStandardDeviation yStandardDeviation zStandardDeviation xAverageAbsoluteDifference yAverageAbsoluteDifference zAverageAbsoluteDifference averageResultantAcceleration 
==============================================================================
91.67   100.00  100.00  100.00  100.00  100.00  100.00  100.00  100.00  100.00  
100.00  88.33   100.00  85.00   100.00  100.00  100.00  98.33   100.00  96.67   
100.00  100.00  90.00   100.00  100.00  100.00  45.00   100.00  100.00  100.00  
100.00  76.67   100.00  88.33   100.00  100.00  100.00  100.00  100.00  100.00  
100.00  100.00  100.00  100.00  88.33   100.00  100.00  100.00  100.00  100.00  
100.00  100.00  100.00  100.00  100.00  88.33   100.00  100.00  100.00  100.00  
100.00  100.00  43.33   100.00  100.00  100.00  88.33   98.33   100.00  100.00  
100.00  78.33   100.00  95.00   100.00  100.00  100.00  86.67   100.00  93.33   
100.00  100.00  100.00  100.00  100.00  100.00  100.00  95.00   91.67   98.33   
95.00   70.00   100.00  98.33   100.00  100.00  100.00  95.00   98.33   90.00   
96.52
==============================================================================
DURATION:3000 xAverage 
==============================================================================
90.00   59.00   100.00  94.00   100.00  100.00  100.00  98.50   100.00  62.50   
10.00   87.00   100.00  63.00   100.00  97.00   100.00  87.00   93.00   27.00   
100.00  100.00  87.50   97.50   21.50   39.50   5.00    100.00  99.00   100.00  
71.00   55.50   99.00   77.00   96.50   69.00   95.50   21.00   15.50   68.50   
100.00  100.00  19.50   97.00   86.00   44.50   23.50   99.00   98.50   100.00  
100.00  97.00   31.50   63.50   61.50   90.00   18.00   62.00   10.50   94.50   
100.00  100.00  27.50   98.50   59.50   40.50   90.00   100.00  99.50   100.00  
100.00  86.50   99.50   30.00   97.00   73.50   99.00   87.00   39.00   83.50   
100.00  91.50   100.00  53.50   100.00  69.50   100.00  57.50   90.00   88.00   
0.00    3.50    100.00  53.50   100.00  90.00   100.00  76.50   88.50   89.00   
76.44
==============================================================================
DURATION:3000 xAverage yAverage zAverage 
==============================================================================
89.50   100.00  100.00  99.50   100.00  100.00  100.00  99.50   100.00  99.00   
99.50   91.50   100.00  75.00   100.00  100.00  100.00  90.50   100.00  88.00   
100.00  100.00  89.50   100.00  100.00  100.00  58.00   100.00  100.00  100.00  
94.00   59.00   100.00  91.50   100.00  100.00  100.00  96.00   100.00  98.50   
100.00  100.00  100.00  100.00  90.50   100.00  100.00  100.00  100.00  100.00  
100.00  100.00  100.00  100.00  100.00  90.00   100.00  100.00  100.00  100.00  
100.00  100.00  35.00   100.00  100.00  100.00  90.00   99.00   100.00  100.00  
100.00  93.00   100.00  93.50   100.00  100.00  97.50   89.00   62.50   97.50   
100.00  100.00  100.00  100.00  100.00  100.00  100.00  97.50   89.50   99.00   
54.00   58.00   100.00  87.00   100.00  100.00  100.00  79.50   49.00   88.00   
94.58
==============================================================================
DURATION:3000 xStandardDeviation 
==============================================================================
90.00   96.50   78.00   97.00   100.00  100.00  25.50   43.00   89.50   69.00   
92.50   85.50   98.00   12.00   10.00   7.50    99.50   86.00   97.00   43.00   
68.50   100.00  90.50   96.50   100.00  100.00  9.00    38.00   9.00    74.50   
22.50   27.00   90.50   87.00   20.50   11.00   69.00   55.00   96.50   31.50   
100.00  37.50   99.00   48.00   89.00   28.50   99.50   99.50   97.00   83.50   
100.00  73.50   99.00   46.50   60.50   89.50   100.00  99.00   97.50   81.00   
65.50   100.00  60.50   97.00   100.00  100.00  90.00   49.00   65.50   77.50   
3.50    89.50   14.50   88.50   100.00  100.00  1.50    89.00   17.50   42.00   
87.50   100.00  22.00   97.50   100.00  100.00  54.50   66.00   90.50   86.00   
6.00    41.50   27.00   17.00   38.50   11.00   0.50    12.00   30.50   90.50   
66.73
==============================================================================
DURATION:3000 xStandardDeviation yStandardDeviation zStandardDeviation 
==============================================================================
90.00   100.00  96.00   99.00   100.00  100.00  92.00   99.50   100.00  95.00   
99.50   91.00   99.50   57.50   63.50   99.00   100.00  87.00   100.00  61.50   
97.50   100.00  90.00   99.50   100.00  100.00  43.50   63.50   80.50   86.50   
93.50   62.00   35.50   89.50   32.50   98.00   75.00   23.50   96.50   16.50   
100.00  76.00   100.00  44.50   88.50   95.50   100.00  99.00   100.00  82.00   
100.00  100.00  99.50   97.00   97.00   90.50   100.00  100.00  100.00  100.00  
100.00  100.00  70.00   99.50   100.00  100.00  90.00   58.00   54.00   87.50   
91.50   82.50   7.50    92.50   100.00  100.00  19.00   90.50   56.00   41.50   
99.50   100.00  33.50   99.50   100.00  100.00  40.00   67.00   89.50   88.50   
90.50   57.50   9.50    25.50   41.50   100.00  22.50   14.50   70.00   90.00   
80.62
==============================================================================
DURATION:3000 xAverageAbsoluteDifference 
==============================================================================
0.00    100.00  100.00  100.00  100.00  100.00  100.00  100.00  100.00  100.00  
100.00  0.00    100.00  100.00  100.00  100.00  100.00  100.00  100.00  100.00  
100.00  100.00  0.00    100.00  100.00  100.00  100.00  100.00  100.00  100.00  
100.00  100.00  100.00  0.00    100.00  100.00  100.00  100.00  100.00  100.00  
100.00  100.00  100.00  100.00  0.00    100.00  100.00  100.00  100.00  100.00  
100.00  100.00  100.00  100.00  100.00  0.00    100.00  100.00  100.00  100.00  
100.00  100.00  100.00  100.00  100.00  100.00  0.00    100.00  100.00  100.00  
100.00  100.00  100.00  100.00  100.00  100.00  100.00  0.00    100.00  100.00  
100.00  100.00  100.00  100.00  100.00  100.00  100.00  100.00  0.00    100.00  
100.00  100.00  100.00  100.00  100.00  100.00  100.00  100.00  100.00  0.00    
90.00
==============================================================================
DURATION:3000 xAverageAbsoluteDifference yAverageAbsoluteDifference zAverageAbsoluteDifference 
==============================================================================
0.00    100.00  100.00  100.00  100.00  100.00  100.00  100.00  100.00  100.00  
100.00  0.00    100.00  100.00  100.00  100.00  100.00  100.00  100.00  100.00  
100.00  100.00  0.00    100.00  100.00  100.00  100.00  100.00  100.00  100.00  
100.00  100.00  100.00  0.00    100.00  100.00  100.00  100.00  100.00  100.00  
100.00  100.00  100.00  100.00  0.00    100.00  100.00  100.00  100.00  100.00  
100.00  100.00  100.00  100.00  100.00  0.00    100.00  100.00  100.00  100.00  
100.00  100.00  100.00  100.00  100.00  100.00  0.00    100.00  100.00  100.00  
100.00  100.00  100.00  100.00  100.00  100.00  100.00  0.00    100.00  100.00  
100.00  100.00  100.00  100.00  100.00  100.00  100.00  100.00  0.00    100.00  
100.00  100.00  100.00  100.00  100.00  100.00  100.00  100.00  100.00  0.00    
90.00
==============================================================================
DURATION:3000 averageResultantAcceleration 
==============================================================================
90.00   93.00   100.00  85.00   100.00  99.50   96.00   60.50   100.00  80.00   
26.00   82.50   100.00  21.00   20.50   33.50   100.00  53.00   100.00  28.00   
100.00  100.00  90.00   94.50   100.00  100.00  63.00   77.50   3.00    95.00   
17.50   31.50   37.50   83.50   77.50   12.50   0.00    10.50   41.50   16.50   
100.00  40.00   100.00  82.00   87.50   13.50   100.00  97.50   100.00  70.50   
100.00  54.50   100.00  76.50   71.00   88.00   100.00  97.00   100.00  69.00   
97.00   99.00   60.00   97.00   100.00  100.00  89.50   68.50   89.50   90.50   
9.00    73.00   45.50   42.00   99.00   97.50   0.50    85.00   57.00   44.00   
100.00  100.00  40.00   96.00   100.00  100.00  92.00   89.50   90.00   97.50   
2.50    25.50   68.50   15.50   63.50   11.00   8.00    15.00   93.50   88.50   
70.07
==============================================================================
DURATION:3000 xAverage yAverage zAverage xStandardDeviation yStandardDeviation zStandardDeviation averageResultantAcceleration 
==============================================================================
90.50   100.00  100.00  100.00  100.00  100.00  100.00  100.00  100.00  99.50   
100.00  89.50   100.00  87.00   100.00  100.00  100.00  98.00   100.00  95.50   
100.00  100.00  90.50   100.00  100.00  100.00  36.50   100.00  100.00  100.00  
99.50   79.50   100.00  89.50   100.00  100.00  100.00  100.00  100.00  98.00   
100.00  100.00  100.00  100.00  90.00   100.00  100.00  100.00  100.00  100.00  
100.00  100.00  100.00  100.00  100.00  90.00   100.00  100.00  100.00  100.00  
100.00  100.00  46.50   100.00  100.00  100.00  90.00   98.00   100.00  100.00  
100.00  88.50   99.50   98.50   100.00  100.00  99.00   89.50   87.00   92.00   
100.00  100.00  100.00  100.00  100.00  100.00  100.00  96.50   90.00   97.50   
96.00   71.50   100.00  98.00   100.00  100.00  100.00  74.50   89.50   88.50   
96.24
==============================================================================
DURATION:3000 xAverage yAverage zAverage xStandardDeviation yStandardDeviation zStandardDeviation 
==============================================================================
90.00   100.00  100.00  100.00  100.00  100.00  100.00  100.00  100.00  99.50   
100.00  89.00   100.00  86.00   100.00  100.00  100.00  97.50   100.00  94.50   
100.00  100.00  90.50   100.00  100.00  100.00  41.00   100.00  100.00  100.00  
99.50   79.00   100.00  90.00   100.00  100.00  100.00  99.00   100.00  97.50   
100.00  100.00  100.00  100.00  89.50   100.00  100.00  100.00  100.00  100.00  
100.00  100.00  100.00  100.00  100.00  90.50   100.00  100.00  100.00  100.00  
100.00  100.00  38.50   100.00  100.00  100.00  89.50   97.50   100.00  100.00  
100.00  88.50   99.00   98.50   100.00  100.00  99.50   91.00   92.00   91.50   
100.00  100.00  100.00  100.00  100.00  100.00  100.00  96.50   90.50   97.00   
94.00   70.00   100.00  93.00   100.00  100.00  100.00  69.00   84.50   89.50   
96.03
==============================================================================
DURATION:3000 xAverage yAverage zAverage xStandardDeviation yStandardDeviation zStandardDeviation xMax yMax zMax xMin yMin zMin 
==============================================================================
89.00   100.00  100.00  100.00  100.00  100.00  100.00  100.00  100.00  99.50   
100.00  81.00   100.00  99.50   100.00  100.00  100.00  99.50   100.00  99.00   
100.00  100.00  89.50   100.00  100.00  100.00  60.50   98.50   100.00  100.00  
100.00  98.50   100.00  86.00   100.00  100.00  100.00  100.00  100.00  99.00   
100.00  100.00  100.00  100.00  82.50   100.00  100.00  100.00  100.00  100.00  
100.00  100.00  100.00  100.00  100.00  89.50   100.00  100.00  100.00  100.00  
100.00  100.00  79.00   100.00  100.00  100.00  90.50   97.50   100.00  100.00  
100.00  94.50   98.00   99.00   100.00  100.00  97.50   88.50   99.00   93.50   
100.00  100.00  100.00  100.00  100.00  100.00  100.00  98.50   91.00   99.00   
96.00   96.50   100.00  98.00   100.00  100.00  100.00  84.50   92.00   76.50   
97.41
==============================================================================
DURATION:3000 xAverage yAverage zAverage xStandardDeviation yStandardDeviation zStandardDeviation xMax yMax zMax xMin yMin zMin xMaxDifference yMaxDifference zMaxDifference 
==============================================================================
90.50   100.00  100.00  100.00  100.00  100.00  100.00  100.00  100.00  99.50   
100.00  74.00   100.00  99.00   100.00  100.00  100.00  99.50   100.00  99.50   
100.00  100.00  88.50   100.00  100.00  100.00  55.50   98.50   100.00  100.00  
100.00  99.00   100.00  83.00   100.00  100.00  100.00  100.00  100.00  99.50   
100.00  100.00  100.00  100.00  79.50   100.00  100.00  100.00  100.00  100.00  
100.00  100.00  100.00  100.00  100.00  89.50   100.00  100.00  100.00  100.00  
100.00  100.00  86.50   100.00  100.00  100.00  89.50   98.00   100.00  100.00  
100.00  96.50   98.50   99.00   100.00  100.00  97.50   87.00   98.50   94.00   
100.00  100.00  100.00  100.00  100.00  100.00  100.00  99.50   89.00   99.50   
95.50   97.50   100.00  99.00   100.00  100.00  100.00  85.00   91.00   72.50   
97.28
==============================================================================
DURATION:3000 xAverage yAverage zAverage xStandardDeviation yStandardDeviation zStandardDeviation xMaxDifference yMaxDifference zMaxDifference 
==============================================================================
89.50   100.00  100.00  100.00  100.00  100.00  100.00  100.00  100.00  99.00   
100.00  73.00   100.00  99.00   100.00  100.00  100.00  98.50   100.00  97.50   
100.00  100.00  89.50   100.00  100.00  100.00  50.00   96.50   100.00  100.00  
100.00  99.00   100.00  86.00   100.00  100.00  100.00  99.50   100.00  100.00  
100.00  100.00  100.00  100.00  79.50   100.00  100.00  100.00  100.00  100.00  
100.00  100.00  100.00  100.00  100.00  89.00   100.00  100.00  100.00  100.00  
100.00  100.00  86.00   100.00  100.00  100.00  89.00   98.00   100.00  100.00  
100.00  95.00   95.50   98.50   100.00  100.00  96.50   87.00   94.50   92.00   
100.00  100.00  100.00  100.00  100.00  100.00  100.00  98.00   90.00   98.50   
85.00   94.00   100.00  98.00   100.00  100.00  100.00  87.50   84.50   78.00   
96.91
==============================================================================
DURATION:3000 xAverage yAverage zAverage xStandardDeviation yStandardDeviation zStandardDeviation 
==============================================================================
90.00   100.00  100.00  100.00  100.00  100.00  100.00  100.00  100.00  99.50   
100.00  89.00   100.00  86.00   100.00  100.00  100.00  97.50   100.00  94.50   
100.00  100.00  90.50   100.00  100.00  100.00  41.00   100.00  100.00  100.00  
99.50   79.00   100.00  90.00   100.00  100.00  100.00  99.00   100.00  97.50   
100.00  100.00  100.00  100.00  89.50   100.00  100.00  100.00  100.00  100.00  
100.00  100.00  100.00  100.00  100.00  90.50   100.00  100.00  100.00  100.00  
100.00  100.00  38.50   100.00  100.00  100.00  89.50   97.50   100.00  100.00  
100.00  88.50   99.00   98.50   100.00  100.00  99.50   91.00   92.00   91.50   
100.00  100.00  100.00  100.00  100.00  100.00  100.00  96.50   90.50   97.00   
94.00   70.00   100.00  93.00   100.00  100.00  100.00  69.00   84.50   89.50   
96.03
==============================================================================
DURATION:3000 gyrXAverage gyrYAverage gyrZAverage 
==============================================================================
90.50   99.00   31.00   82.50   90.50   29.00   6.50    68.00   14.00   91.00   
0.00    89.50   1.00    15.50   14.50   1.00    0.00    8.50    3.50    31.50   
2.50    94.00   90.50   77.00   83.50   10.50   2.00    50.50   11.00   82.00   
0.00    42.00   1.00    90.00   11.00   1.00    0.00    7.50    4.50    29.00   
0.00    38.00   1.00    11.00   90.00   1.00    0.00    7.00    5.00    29.50   
0.00    97.00   16.00   75.00   81.00   90.00   2.50    54.00   11.50   81.00   
25.50   99.50   52.00   91.00   94.50   43.50   90.50   76.50   20.00   95.00   
0.00    45.50   1.50    18.50   20.00   1.50    0.50    89.50   4.50    39.00   
1.00    89.00   14.50   71.50   82.50   18.50   4.00    54.00   90.00   83.50   
0.00    32.00   0.00    3.00    3.50    1.00    0.00    5.00    3.50    90.50   
37.02
==============================================================================
DURATION:3000 gyrXAverage gyrYAverage gyrZAverage gyrXStandardDeviation gyrYStandardDeviation gyrZStandardDeviation 
==============================================================================
90.00   100.00  100.00  100.00  100.00  100.00  99.50   98.00   100.00  93.50   
100.00  90.50   100.00  99.50   100.00  100.00  100.00  87.00   100.00  98.00   
100.00  100.00  90.00   99.00   100.00  100.00  94.50   95.00   40.00   100.00  
1.00    97.50   75.50   90.00   84.50   86.50   2.50    28.50   78.50   54.50   
100.00  100.00  100.00  72.50   90.00   2.00    100.00  99.50   100.00  78.00   
100.00  100.00  100.00  95.50   60.00   89.50   100.00  100.00  100.00  93.00   
99.00   100.00  98.00   100.00  100.00  100.00  89.50   88.00   96.00   100.00  
54.50   78.50   83.00   69.50   99.50   100.00  49.50   89.50   95.00   75.50   
100.00  100.00  6.00    98.50   100.00  100.00  71.50   88.00   90.00   98.50   
0.00    74.50   99.50   8.50    21.50   1.50    59.50   21.00   98.50   89.50   
83.45
==============================================================================
DURATION:3000 gyrXAverage gyrYAverage gyrZAverage 
==============================================================================
90.50   99.00   31.00   82.50   90.50   29.00   6.50    68.00   14.00   91.00   
0.00    89.50   1.00    15.50   14.50   1.00    0.00    8.50    3.50    31.50   
2.50    94.00   90.50   77.00   83.50   10.50   2.00    50.50   11.00   82.00   
0.00    42.00   1.00    90.00   11.00   1.00    0.00    7.50    4.50    29.00   
0.00    38.00   1.00    11.00   90.00   1.00    0.00    7.00    5.00    29.50   
0.00    97.00   16.00   75.00   81.00   90.00   2.50    54.00   11.50   81.00   
25.50   99.50   52.00   91.00   94.50   43.50   90.50   76.50   20.00   95.00   
0.00    45.50   1.50    18.50   20.00   1.50    0.50    89.50   4.50    39.00   
1.00    89.00   14.50   71.50   82.50   18.50   4.00    54.00   90.00   83.50   
0.00    32.00   0.00    3.00    3.50    1.00    0.00    5.00    3.50    90.50   
37.02
==============================================================================
DURATION:3000 accXAverage accYAverage accZAverage accXStandardDeviation accYStandardDeviation accZStandardDeviation gyrXAverage gyrYAverage gyrZAverage 
==============================================================================
90.50   100.00  100.00  100.00  100.00  100.00  100.00  100.00  100.00  99.50   
100.00  90.50   100.00  84.00   100.00  100.00  100.00  97.50   100.00  95.00   
100.00  100.00  90.00   100.00  100.00  100.00  25.00   100.00  100.00  100.00  
99.50   77.50   100.00  89.50   100.00  100.00  100.00  99.00   100.00  97.50   
100.00  100.00  100.00  100.00  89.00   100.00  100.00  100.00  100.00  100.00  
100.00  100.00  100.00  100.00  100.00  90.50   100.00  100.00  100.00  100.00  
100.00  100.00  37.00   100.00  100.00  100.00  90.00   97.50   100.00  100.00  
100.00  89.00   98.00   98.00   100.00  100.00  98.50   90.00   97.00   91.00   
100.00  100.00  100.00  100.00  100.00  100.00  100.00  96.00   89.50   97.00   
68.00   66.00   100.00  91.50   100.00  100.00  100.00  76.50   82.00   88.50   
95.56
==============================================================================
DURATION:3000 gyrXAverage gyrYAverage gyrZAverage gyrXStandardDeviation gyrYStandardDeviation gyrZStandardDeviation 
==============================================================================
90.00   100.00  100.00  100.00  100.00  100.00  99.50   98.00   100.00  93.50   
100.00  90.50   100.00  99.50   100.00  100.00  100.00  87.00   100.00  98.00   
100.00  100.00  90.00   99.00   100.00  100.00  94.50   95.00   40.00   100.00  
1.00    97.50   75.50   90.00   84.50   86.50   2.50    28.50   78.50   54.50   
100.00  100.00  100.00  72.50   90.00   2.00    100.00  99.50   100.00  78.00   
100.00  100.00  100.00  95.50   60.00   89.50   100.00  100.00  100.00  93.00   
99.00   100.00  98.00   100.00  100.00  100.00  89.50   88.00   96.00   100.00  
54.50   78.50   83.00   69.50   99.50   100.00  49.50   89.50   95.00   75.50   
100.00  100.00  6.00    98.50   100.00  100.00  71.50   88.00   90.00   98.50   
0.00    74.50   99.50   8.50    21.50   1.50    59.50   21.00   98.50   89.50   
83.45
==============================================================================
DURATION:3000 gyrXAverage gyrYAverage gyrZAverage gyrXStandardDeviation gyrYStandardDeviation gyrZStandardDeviation gyrXMax gyrYMax gyrZMax gyrXMin gyrYMin gyrZMin gyrXMaxDifference gyrYMaxDifference gyrZMaxDifference 
==============================================================================
90.00   99.50   100.00  100.00  100.00  100.00  98.00   90.50   99.50   92.00   
100.00  86.50   100.00  99.50   100.00  100.00  100.00  99.00   100.00  97.00   
100.00  100.00  90.00   99.50   100.00  100.00  94.00   97.50   45.00   100.00  
70.00   99.50   15.00   89.50   79.00   78.00   10.00   41.50   11.50   83.00   
100.00  100.00  100.00  79.50   90.00   18.50   100.00  100.00  100.00  86.50   
100.00  100.00  100.00  99.50   60.50   90.00   100.00  100.00  100.00  92.00   
98.50   100.00  96.50   100.00  100.00  100.00  89.50   97.00   88.00   100.00  
77.50   99.00   74.00   95.50   100.00  100.00  39.50   89.00   81.00   90.50   
99.50   100.00  16.50   100.00  100.00  100.00  60.50   93.50   89.00   100.00  
18.50   88.00   100.00  81.50   84.00   25.50   100.00  42.50   98.50   89.50   
86.73
==============================================================================
DURATION:3000 accXAverage accYAverage accZAverage accXStandardDeviation accYStandardDeviation accZStandardDeviation gyrXAverage gyrYAverage gyrZAverage gyrXStandardDeviation gyrYStandardDeviation gyrZStandardDeviation 
==============================================================================
90.50   100.00  100.00  100.00  100.00  100.00  100.00  100.00  100.00  99.50   
100.00  89.50   100.00  94.50   100.00  100.00  100.00  97.50   100.00  97.00   
100.00  100.00  90.00   100.00  100.00  100.00  49.50   100.00  100.00  100.00  
99.00   91.00   100.00  89.50   100.00  100.00  100.00  100.00  100.00  99.00   
100.00  100.00  100.00  100.00  91.00   100.00  100.00  100.00  100.00  100.00  
100.00  100.00  100.00  100.00  100.00  89.50   100.00  100.00  100.00  100.00  
100.00  100.00  60.50   100.00  100.00  100.00  90.50   100.00  100.00  100.00  
100.00  88.00   99.50   97.00   100.00  100.00  100.00  90.50   98.00   92.00   
100.00  100.00  100.00  100.00  100.00  100.00  100.00  96.00   90.00   98.50   
62.00   79.50   100.00  90.50   100.00  100.00  100.00  79.50   92.00   89.50   
96.61
==============================================================================
DURATION:3000 accXAverage accYAverage accZAverage accXStandardDeviation accYStandardDeviation accZStandardDeviation 
==============================================================================
90.00   100.00  100.00  100.00  100.00  100.00  100.00  100.00  100.00  99.50   
100.00  89.00   100.00  86.00   100.00  100.00  100.00  97.50   100.00  94.50   
100.00  100.00  90.50   100.00  100.00  100.00  41.00   100.00  100.00  100.00  
99.50   79.00   100.00  90.00   100.00  100.00  100.00  99.00   100.00  97.50   
100.00  100.00  100.00  100.00  89.50   100.00  100.00  100.00  100.00  100.00  
100.00  100.00  100.00  100.00  100.00  90.50   100.00  100.00  100.00  100.00  
100.00  100.00  38.50   100.00  100.00  100.00  89.50   97.50   100.00  100.00  
100.00  88.50   99.00   98.50   100.00  100.00  99.50   91.00   92.00   91.50   
100.00  100.00  100.00  100.00  100.00  100.00  100.00  96.50   90.50   97.00   
94.00   70.00   100.00  93.00   100.00  100.00  100.00  69.00   84.50   89.50   
96.03
==============================================================================
DURATION:3000 NUMBER:10 accXAverage accYAverage accZAverage accXStandardDeviation accYStandardDeviation accZStandardDeviation 
==============================================================================
10.50   100.00  100.00  100.00  100.00  100.00  100.00  100.00  100.00  100.00  
100.00  4.50    100.00  100.00  100.00  100.00  100.00  100.00  100.00  100.00  
100.00  100.00  17.00   100.00  100.00  100.00  100.00  100.00  100.00  100.00  
100.00  94.00   100.00  15.00   100.00  100.00  100.00  100.00  100.00  100.00  
100.00  100.00  100.00  100.00  9.50    100.00  100.00  100.00  100.00  100.00  
100.00  100.00  100.00  100.00  100.00  28.00   100.00  100.00  100.00  100.00  
100.00  100.00  96.00   100.00  100.00  100.00  4.50    98.00   100.00  100.00  
100.00  84.00   100.00  99.00   100.00  100.00  100.00  6.00    100.00  96.00   
100.00  100.00  100.00  100.00  100.00  100.00  100.00  100.00  5.00    100.00  
100.00  100.00  100.00  100.00  100.00  100.00  100.00  100.00  100.00  7.00    
90.74
==============================================================================
DURATION:3000 NUMBER:20 accXAverage accYAverage accZAverage accXStandardDeviation accYStandardDeviation accZStandardDeviation 
==============================================================================
20.00   100.00  100.00  100.00  100.00  100.00  100.00  100.00  100.00  100.00  
100.00  7.50    100.00  100.00  100.00  100.00  100.00  100.00  100.00  100.00  
100.00  100.00  17.50   100.00  100.00  100.00  100.00  100.00  100.00  100.00  
100.00  93.00   100.00  15.00   100.00  100.00  100.00  100.00  100.00  99.50   
100.00  100.00  100.00  100.00  25.00   100.00  100.00  100.00  100.00  100.00  
100.00  100.00  100.00  100.00  100.00  32.50   100.00  100.00  100.00  100.00  
100.00  100.00  77.00   100.00  100.00  100.00  14.50   94.50   100.00  100.00  
100.00  85.00   100.00  97.00   100.00  100.00  100.00  10.50   100.00  94.00   
100.00  100.00  100.00  100.00  100.00  100.00  100.00  99.50   9.00    99.50   
100.00  100.00  100.00  100.00  100.00  100.00  100.00  99.50   100.00  15.00   
91.05
==============================================================================
DURATION:3000 NUMBER:40 accXAverage accYAverage accZAverage accXStandardDeviation accYStandardDeviation accZStandardDeviation 
==============================================================================
20.50   100.00  100.00  100.00  100.00  100.00  100.00  100.00  100.00  100.00  
100.00  51.00   100.00  100.00  100.00  100.00  100.00  100.00  100.00  100.00  
100.00  100.00  37.00   100.00  100.00  100.00  98.00   100.00  100.00  100.00  
100.00  79.00   100.00  33.50   100.00  100.00  100.00  100.00  100.00  99.00   
100.00  100.00  100.00  100.00  49.00   100.00  100.00  100.00  100.00  100.00  
100.00  100.00  100.00  100.00  100.00  34.00   100.00  100.00  100.00  100.00  
100.00  100.00  55.50   100.00  100.00  100.00  33.50   94.50   100.00  100.00  
100.00  83.00   100.00  93.50   100.00  100.00  100.00  26.50   100.00  92.50   
100.00  100.00  100.00  100.00  100.00  100.00  100.00  98.00   53.50   98.50   
100.00  100.00  100.00  100.00  100.00  100.00  100.00  98.00   98.50   25.00   
92.52
==============================================================================
DURATION:3000 NUMBER:60 accXAverage accYAverage accZAverage accXStandardDeviation accYStandardDeviation accZStandardDeviation 
==============================================================================
34.00   100.00  100.00  100.00  100.00  100.00  100.00  100.00  100.00  100.00  
100.00  53.00   100.00  100.00  100.00  100.00  100.00  100.00  100.00  100.00  
100.00  100.00  76.50   100.00  100.00  100.00  60.50   100.00  100.00  100.00  
100.00  75.00   100.00  38.50   100.00  100.00  100.00  96.00   100.00  97.00   
100.00  100.00  100.00  100.00  70.00   100.00  100.00  100.00  100.00  100.00  
100.00  100.00  100.00  100.00  100.00  33.50   100.00  100.00  100.00  100.00  
100.00  100.00  30.00   100.00  100.00  100.00  70.50   96.00   100.00  100.00  
100.00  83.00   100.00  96.50   100.00  100.00  100.00  33.00   100.00  92.50   
100.00  100.00  100.00  100.00  100.00  100.00  100.00  98.00   56.00   98.00   
100.00  100.00  100.00  100.00  100.00  100.00  100.00  98.00   99.50   45.00   
93.30
==============================================================================
DURATION:3000 NUMBER:80 accXAverage accYAverage accZAverage accXStandardDeviation accYStandardDeviation accZStandardDeviation 
==============================================================================
71.00   100.00  100.00  100.00  100.00  100.00  100.00  100.00  100.00  99.50   
100.00  53.50   100.00  100.00  100.00  100.00  100.00  100.00  100.00  100.00  
100.00  100.00  79.00   100.00  100.00  100.00  54.50   100.00  100.00  100.00  
100.00  75.00   100.00  40.00   100.00  100.00  100.00  96.00   100.00  97.00   
100.00  100.00  100.00  100.00  71.50   100.00  100.00  100.00  100.00  100.00  
100.00  100.00  100.00  100.00  100.00  38.00   100.00  100.00  100.00  100.00  
100.00  100.00  49.00   100.00  100.00  100.00  64.50   96.00   100.00  100.00  
100.00  87.00   100.00  98.00   100.00  100.00  100.00  44.00   95.50   96.00   
100.00  100.00  100.00  100.00  100.00  100.00  100.00  98.00   73.50   98.00   
100.00  100.00  100.00  100.00  100.00  100.00  100.00  98.00   100.00  54.50   
94.27
==============================================================================
DURATION:3000 NUMBER:100 accXAverage accYAverage accZAverage accXStandardDeviation accYStandardDeviation accZStandardDeviation 
==============================================================================
77.50   100.00  100.00  100.00  100.00  100.00  100.00  100.00  100.00  99.50   
100.00  58.50   100.00  100.00  100.00  100.00  100.00  100.00  100.00  100.00  
100.00  100.00  87.00   100.00  100.00  100.00  36.00   100.00  100.00  100.00  
100.00  75.50   100.00  52.50   100.00  100.00  100.00  97.00   100.00  96.50   
100.00  100.00  100.00  100.00  70.00   100.00  100.00  100.00  100.00  100.00  
100.00  100.00  100.00  100.00  100.00  78.00   100.00  100.00  100.00  100.00  
100.00  100.00  40.50   100.00  100.00  100.00  77.00   97.00   100.00  100.00  
100.00  87.00   100.00  97.50   100.00  100.00  100.00  58.50   92.00   93.50   
100.00  100.00  100.00  100.00  100.00  100.00  100.00  97.00   89.50   97.00   
99.50   96.00   100.00  100.00  100.00  100.00  100.00  93.00   97.00   71.50   
95.11
==============================================================================
DURATION:3000 NUMBER:120 accXAverage accYAverage accZAverage accXStandardDeviation accYStandardDeviation accZStandardDeviation 
==============================================================================
83.50   100.00  100.00  100.00  100.00  100.00  100.00  100.00  100.00  99.50   
100.00  70.00   100.00  100.00  100.00  100.00  100.00  100.00  100.00  99.00   
100.00  100.00  89.00   100.00  100.00  100.00  43.50   100.00  100.00  100.00  
100.00  76.00   100.00  59.50   100.00  100.00  100.00  97.00   100.00  97.00   
100.00  100.00  100.00  100.00  67.00   100.00  100.00  100.00  100.00  100.00  
100.00  100.00  100.00  100.00  100.00  87.50   100.00  100.00  100.00  100.00  
100.00  100.00  43.00   100.00  100.00  100.00  76.00   97.00   100.00  100.00  
100.00  87.50   100.00  98.00   100.00  100.00  100.00  73.50   94.00   92.00   
100.00  100.00  100.00  100.00  100.00  100.00  100.00  97.50   87.50   98.00   
93.50   94.00   100.00  99.00   100.00  100.00  100.00  93.00   93.50   80.50   
95.66
==============================================================================
DURATION:3000 NUMBER:140 accXAverage accYAverage accZAverage accXStandardDeviation accYStandardDeviation accZStandardDeviation 
==============================================================================
90.50   100.00  100.00  100.00  100.00  100.00  100.00  100.00  100.00  99.50   
100.00  75.00   100.00  99.50   100.00  100.00  100.00  100.00  100.00  99.00   
100.00  100.00  88.50   100.00  100.00  100.00  37.50   100.00  100.00  100.00  
99.50   75.50   100.00  67.50   100.00  100.00  100.00  97.00   100.00  97.00   
100.00  100.00  100.00  100.00  76.50   100.00  100.00  100.00  100.00  100.00  
100.00  100.00  100.00  100.00  100.00  89.50   100.00  100.00  100.00  100.00  
100.00  100.00  44.00   100.00  100.00  100.00  75.50   97.50   100.00  100.00  
100.00  88.00   100.00  98.50   100.00  100.00  100.00  76.50   75.00   91.00   
100.00  100.00  100.00  100.00  100.00  100.00  100.00  98.00   86.00   98.50   
93.50   93.50   100.00  99.00   100.00  100.00  100.00  93.00   94.00   81.50   
95.75
==============================================================================
DURATION:3000 NUMBER:160 accXAverage accYAverage accZAverage accXStandardDeviation accYStandardDeviation accZStandardDeviation 
==============================================================================
89.50   100.00  100.00  100.00  100.00  100.00  100.00  100.00  100.00  99.50   
100.00  89.00   100.00  94.50   100.00  100.00  100.00  98.50   100.00  96.50   
100.00  100.00  88.00   100.00  100.00  100.00  44.00   100.00  100.00  100.00  
100.00  78.50   100.00  83.50   100.00  100.00  100.00  97.50   100.00  97.00   
100.00  100.00  100.00  100.00  89.00   100.00  100.00  100.00  100.00  100.00  
100.00  100.00  100.00  100.00  100.00  90.00   100.00  100.00  100.00  100.00  
100.00  100.00  54.50   100.00  100.00  100.00  84.00   97.50   100.00  100.00  
100.00  87.50   100.00  98.50   100.00  100.00  100.00  80.50   75.50   91.00   
100.00  100.00  100.00  100.00  100.00  100.00  100.00  97.50   85.50   99.00   
91.50   89.00   100.00  99.00   100.00  100.00  100.00  87.00   95.00   86.00   
96.33
==============================================================================
DURATION:3000 NUMBER:180 accXAverage accYAverage accZAverage accXStandardDeviation accYStandardDeviation accZStandardDeviation 
==============================================================================
91.00   100.00  100.00  100.00  100.00  100.00  100.00  100.00  100.00  99.50   
100.00  91.00   100.00  89.00   100.00  100.00  100.00  97.50   100.00  95.00   
100.00  100.00  88.00   100.00  100.00  100.00  44.00   100.00  100.00  100.00  
100.00  79.50   100.00  83.00   100.00  100.00  100.00  98.50   100.00  97.50   
100.00  100.00  100.00  100.00  90.00   100.00  100.00  100.00  100.00  100.00  
100.00  100.00  100.00  100.00  100.00  89.00   100.00  100.00  100.00  100.00  
100.00  100.00  37.50   100.00  100.00  100.00  89.00   97.00   100.00  100.00  
100.00  88.50   99.50   98.50   100.00  100.00  100.00  88.50   86.50   91.50   
100.00  100.00  100.00  100.00  100.00  100.00  100.00  97.50   84.50   99.00   
88.50   70.00   100.00  92.50   100.00  100.00  100.00  66.50   93.00   89.50   
95.90
==============================================================================
DURATION:3000 NUMBER:200 accXAverage accYAverage accZAverage accXStandardDeviation accYStandardDeviation accZStandardDeviation 
==============================================================================
90.00   100.00  100.00  100.00  100.00  100.00  100.00  100.00  100.00  99.50   
100.00  89.00   100.00  86.00   100.00  100.00  100.00  97.50   100.00  94.50   
100.00  100.00  90.50   100.00  100.00  100.00  41.00   100.00  100.00  100.00  
99.50   79.00   100.00  90.00   100.00  100.00  100.00  99.00   100.00  97.50   
100.00  100.00  100.00  100.00  89.50   100.00  100.00  100.00  100.00  100.00  
100.00  100.00  100.00  100.00  100.00  90.50   100.00  100.00  100.00  100.00  
100.00  100.00  38.50   100.00  100.00  100.00  89.50   97.50   100.00  100.00  
100.00  88.50   99.00   98.50   100.00  100.00  99.50   91.00   92.00   91.50   
100.00  100.00  100.00  100.00  100.00  100.00  100.00  96.50   90.50   97.00   
94.00   70.00   100.00  93.00   100.00  100.00  100.00  69.00   84.50   89.50   
96.03
==============================================================================
DURATION:3000 NUMBER:200 accXAverage accYAverage accZAverage accXStandardDeviation accYStandardDeviation accZStandardDeviation 
==============================================================================
90.00   100.00  100.00  100.00  100.00  100.00  100.00  100.00  100.00  99.50   
100.00  89.00   100.00  86.00   100.00  100.00  100.00  97.50   100.00  94.50   
100.00  100.00  90.50   100.00  100.00  100.00  41.00   100.00  100.00  100.00  
99.50   79.00   100.00  90.00   100.00  100.00  100.00  99.00   100.00  97.50   
100.00  100.00  100.00  100.00  89.50   100.00  100.00  100.00  100.00  100.00  
100.00  100.00  100.00  100.00  100.00  90.50   100.00  100.00  100.00  100.00  
100.00  100.00  38.50   100.00  100.00  100.00  89.50   97.50   100.00  100.00  
100.00  88.50   99.00   98.50   100.00  100.00  99.50   91.00   92.00   91.50   
100.00  100.00  100.00  100.00  100.00  100.00  100.00  96.50   90.50   97.00   
94.00   70.00   100.00  93.00   100.00  100.00  100.00  69.00   84.50   89.50   
96.03
==============================================================================
DURATION:3000 NUMBER:200 accXAverage accYAverage accZAverage accXStandardDeviation accYStandardDeviation accZStandardDeviation 
==============================================================================
90.00   100.00  100.00  100.00  100.00  100.00  100.00  100.00  100.00  99.50   
100.00  89.00   100.00  86.00   100.00  100.00  100.00  97.50   100.00  94.50   
100.00  100.00  90.50   100.00  100.00  100.00  41.00   100.00  100.00  100.00  
99.50   79.00   100.00  90.00   100.00  100.00  100.00  99.00   100.00  97.50   
100.00  100.00  100.00  100.00  89.50   100.00  100.00  100.00  100.00  100.00  
100.00  100.00  100.00  100.00  100.00  90.50   100.00  100.00  100.00  100.00  
100.00  100.00  38.50   100.00  100.00  100.00  89.50   97.50   100.00  100.00  
100.00  88.50   99.00   98.50   100.00  100.00  99.50   91.00   92.00   91.50   
100.00  100.00  100.00  100.00  100.00  100.00  100.00  96.50   90.50   97.00   
94.00   70.00   100.00  93.00   100.00  100.00  100.00  69.00   84.50   89.50   
96.03
==============================================================================
DURATION:3000 NUMBER:200 accXAverage accYAverage accZAverage accXStandardDeviation accYStandardDeviation accZStandardDeviation 
==============================================================================
90.00   100.00  100.00  100.00  100.00  100.00  100.00  100.00  100.00  99.50   
100.00  89.00   100.00  86.00   100.00  100.00  100.00  97.50   100.00  94.50   
100.00  100.00  90.50   100.00  100.00  100.00  41.00   100.00  100.00  100.00  
99.50   79.00   100.00  90.00   100.00  100.00  100.00  99.00   100.00  97.50   
100.00  100.00  100.00  100.00  89.50   100.00  100.00  100.00  100.00  100.00  
100.00  100.00  100.00  100.00  100.00  90.50   100.00  100.00  100.00  100.00  
100.00  100.00  38.50   100.00  100.00  100.00  89.50   97.50   100.00  100.00  
100.00  88.50   99.00   98.50   100.00  100.00  99.50   91.00   92.00   91.50   
100.00  100.00  100.00  100.00  100.00  100.00  100.00  96.50   90.50   97.00   
94.00   70.00   100.00  93.00   100.00  100.00  100.00  69.00   84.50   89.50   
96.03