1514808626062 5.000305 1.78E-43 4.1990419E13 0
1514808947478 5.000305 1.78E-43 4.1990419E13 1
1514808975744 0.0 1.78E-43 4.1990419E13 1
1514808975944 5.000305 1.78E-43 4.1990419E13 1
1514808998264 0.0 1.78E-43 4.1990419E13 1
1514808998466 5.000305 1.78E-43 4.1990419E13 1
1514809127716 0.0 1.78E-43 4.1990419E13 1
1514809127924 5.000305 1.78E-43 4.1990419E13 1
1514809140442 0.0 1.78E-43 4.1990419E13 1
1514809140669 5.000305 1.78E-43 4.1990419E13 1
1514809265796 5.000305 1.78E-43 4.1990419E13 2
1514809501970 0.0 1.78E-43 4.1990419E13 2
1514809502176 5.000305 1.78E-43 4.1990419E13 2
