1514518470031 5.000305 16.0 0.0 0
1514518486741 0.0 107.0 0.0 0
1514518519106 5.000305 22.0 0.0 0
1514518581386 0.0 41.0 0.0 0
1514518581898 5.000305 18.0 0.0 0
1514518605023 0.0 103.0 0.0 0
1514518605597 5.000305 22.0 0.0 0
1514518605800 0.0 57.0 0.0 0
1514518605800 5.000305 16.0 0.0 0
1514518719081 0.0 41.0 0.0 0
1514518719281 5.000305 18.0 0.0 0
1514518805311 5.000305 16.0 0.0 2
1514518966610 0.0 35.0 0.0 2
1514518967036 5.000305 18.0 0.0 2
1514519012161 0.0 61.0 0.0 2
1514519012376 5.000305 22.0 0.0 2
1514519014884 0.0 45.0 0.0 2
1514519015195 5.000305 18.0 0.0 2
1514520002077 5.000305 16.0 0.0 1
1514520008137 0.0 31.0 0.0 1
1514520008811 5.000305 18.0 0.0 1
1514520098112 0.0 65.0 0.0 1
1514520099721 5.000305 20.0 0.0 1
1514520270800 0.0 81.0 0.0 1
1514520271000 5.000305 16.0 0.0 1
1514520281248 0.0 45.0 0.0 1
1514520281511 5.000305 18.0 0.0 1
1514520298388 0.0 47.0 0.0 1
1514520298782 5.000305 18.0 0.0 1
1514520328307 5.000305 16.0 0.0 0
1514520335573 0.0 35.0 0.0 0
1514520336214 5.000305 20.0 0.0 0
