1514853867320 5.0 16.0 0.0 0
1514853867401 5.0 16.0 0.0 0
1514853867480 5.0 16.0 0.0 0
1514853867560 5.0 16.0 0.0 0
1514853867640 5.0 16.0 0.0 0
1514853867720 5.0 15.0 0.0 0
1514853867800 5.0 16.0 0.0 0
1514853867882 5.0 16.0 0.0 0
1514854305047 5.0 16.0 0.0 1
1514854305128 5.0 16.0 0.0 1
1514854305208 5.0 16.0 0.0 1
1514854305289 5.0 16.0 0.0 1
1514854305368 5.0 16.0 0.0 1
1514854305448 5.0 15.0 0.0 1
1514854305529 5.0 16.0 0.0 1
1514854305608 5.0 15.0 0.0 1
1514854428408 0.0 68.0 1.0 1
1514854428488 5.0 23.0 1.0 1
1514854428568 5.0 16.0 0.0 1
1514854428648 5.0 17.0 0.0 1
1514854428729 5.0 17.0 0.0 1
1514854428809 5.0 16.0 0.0 1
1514854428888 5.0 16.0 0.0 1
1514854428968 5.0 16.0 0.0 1
1514854429048 5.0 16.0 0.0 1
1514854629925 5.0 17.0 0.0 2
1514854630006 5.0 16.0 0.0 2
1514854630086 5.0 16.0 0.0 2
1514854630166 5.0 17.0 0.0 2
1514854630247 5.0 17.0 0.0 2
1514854630326 5.0 17.0 0.0 2
1514854630407 5.0 17.0 0.0 2
1514854630487 5.0 17.0 0.0 2
