1514512253852 5.0 16.0 0.0 0
1514512253933 5.0 16.0 0.0 0
1514512254013 5.0 16.0 0.0 0
1514512254093 5.0 16.0 0.0 0
1514512254173 5.0 16.0 0.0 0
1514512254253 5.0 15.0 0.0 0
1514512254333 5.0 16.0 0.0 0
1514512254413 5.0 16.0 0.0 0
1514512502894 0.0 145.0 1.0 0
1514512502973 0.0 255.0 1.0 0
1514512503053 0.0 255.0 1.0 0
1514512503133 0.0 255.0 1.0 0
1514512503213 0.0 255.0 1.0 0
1514512503293 5.0 17.0 0.0 0
1514512503373 5.0 17.0 0.0 0
1514512503453 5.0 17.0 0.0 0
1514512503533 5.0 16.0 0.0 0
1514512503613 5.0 17.0 0.0 0
1514512503696 5.0 17.0 0.0 0
1514512503773 5.0 16.0 0.0 0
1514512503853 5.0 16.0 0.0 0
1514512569481 5.0 16.0 0.0 1
1514512569563 5.0 16.0 0.0 1
1514512569643 5.0 16.0 0.0 1
1514512569723 5.0 16.0 0.0 1
1514512569803 5.0 16.0 0.0 1
1514512569884 5.0 16.0 0.0 1
1514512569964 5.0 16.0 0.0 1
1514512570043 5.0 17.0 0.0 1
1514512594683 0.0 47.0 1.0 1
1514512594843 5.0 17.0 0.0 1
1514512594923 5.0 17.0 0.0 1
1514512595003 5.0 18.0 0.0 1
1514512595164 5.0 18.0 0.0 1
1514512595243 5.0 17.0 0.0 1
1514512595323 5.0 16.0 0.0 1
1514512595403 5.0 16.0 0.0 1
1514512595483 5.0 16.0 0.0 1
1514512704843 0.0 54.0 1.0 1
1514512704923 5.0 17.0 0.0 1
1514512705003 5.0 16.0 0.0 1
1514512705083 5.0 16.0 0.0 1
1514512705165 5.0 16.0 0.0 1
1514512705243 5.0 22.0 1.0 1
1514512705404 5.0 17.0 0.0 1
1514512705484 5.0 16.0 0.0 1
1514512705563 5.0 16.0 0.0 1
1514512713323 0.0 50.0 1.0 1
1514512713484 5.0 16.0 0.0 1
1514512713563 5.0 16.0 0.0 1
1514512713643 5.0 17.0 0.0 1
1514512713804 5.0 17.0 0.0 1
1514512713885 5.0 16.0 0.0 1
1514512713963 5.0 16.0 0.0 1
1514512714043 5.0 16.0 0.0 1
1514512714123 5.0 17.0 0.0 1
1514512744683 0.0 52.0 1.0 1
1514512744844 5.0 17.0 0.0 1
1514512744923 5.0 16.0 0.0 1
1514512745003 5.0 16.0 0.0 1
1514512745083 5.0 24.0 1.0 1
1514512745245 5.0 16.0 0.0 1
1514512745323 5.0 16.0 0.0 1
1514512745403 5.0 16.0 0.0 1
1514512745483 5.0 16.0 0.0 1
1514512765483 0.0 57.0 1.0 1
1514512765643 5.0 16.0 0.0 1
1514512765723 5.0 16.0 0.0 1
1514512765803 5.0 17.0 0.0 1
1514512765963 5.0 17.0 0.0 1
1514512766043 5.0 17.0 0.0 1
1514512766124 5.0 16.0 0.0 1
1514512766205 5.0 16.0 0.0 1
1514512766283 5.0 16.0 0.0 1
1514512770763 0.0 46.0 1.0 1
1514512770923 5.0 17.0 0.0 1
1514512771003 5.0 17.0 0.0 1
1514512771083 5.0 20.0 0.0 1
1514512771244 5.0 17.0 0.0 1
1514512771323 5.0 16.0 0.0 1
1514512771403 5.0 17.0 0.0 1
1514512771483 5.0 15.0 0.0 1
1514512771563 5.0 16.0 0.0 1
1514512771804 0.0 47.0 1.0 1
1514512771963 5.0 17.0 0.0 1
1514512772043 5.0 16.0 0.0 1
1514512772123 5.0 19.0 0.0 1
1514512772283 5.0 16.0 0.0 1
1514512772363 5.0 16.0 0.0 1
1514512772445 5.0 16.0 0.0 1
1514512772525 5.0 16.0 0.0 1
1514512772605 5.0 16.0 0.0 1
1514512782203 0.0 48.0 1.0 1
1514512782363 5.0 17.0 0.0 1
1514512782444 5.0 17.0 0.0 1
1514512782524 5.0 17.0 0.0 1
1514512782604 5.0 20.0 0.0 1
1514512782763 5.0 16.0 0.0 1
1514512782845 5.0 17.0 0.0 1
1514512782925 5.0 16.0 0.0 1
1514512783003 5.0 16.0 0.0 1
1514512815243 0.0 48.0 1.0 1
1514512815405 5.0 16.0 0.0 1
1514512815483 5.0 17.0 0.0 1
1514512815563 5.0 16.0 0.0 1
1514512815644 5.0 16.0 0.0 1
1514512815725 5.0 18.0 0.0 1
1514512815803 5.0 23.0 1.0 1
1514512815963 5.0 16.0 0.0 1
1514512816043 5.0 17.0 0.0 1
1514512823163 0.0 49.0 1.0 1
1514512823323 5.0 16.0 0.0 1
1514512823403 5.0 17.0 0.0 1
1514512823483 5.0 16.0 0.0 1
1514512823563 5.0 24.0 1.0 1
1514512823723 5.0 16.0 0.0 1
1514512823803 5.0 16.0 0.0 1
1514512823883 5.0 16.0 0.0 1
1514512823963 5.0 16.0 0.0 1
1514512837803 0.0 48.0 1.0 1
1514512837963 5.0 16.0 0.0 1
1514512838043 5.0 17.0 0.0 1
1514512838123 5.0 16.0 0.0 1
1514512838363 5.0 17.0 0.0 1
1514512838444 5.0 17.0 0.0 1
1514512838526 5.0 16.0 0.0 1
1514512838603 5.0 16.0 0.0 1
1514512838683 5.0 17.0 0.0 1
1514512849323 0.0 49.0 1.0 1
1514512849484 5.0 17.0 0.0 1
1514512849563 5.0 16.0 0.0 1
1514512849645 5.0 16.0 0.0 1
1514512849724 5.0 21.0 0.0 1
1514512849883 5.0 17.0 0.0 1
1514512849963 5.0 16.0 0.0 1
1514512850043 5.0 16.0 0.0 1
1514512850123 5.0 16.0 0.0 1
1514512853563 0.0 48.0 1.0 1
1514512853723 5.0 16.0 0.0 1
1514512853804 5.0 16.0 0.0 1
1514512853883 5.0 17.0 0.0 1
1514512854123 5.0 17.0 0.0 1
1514512854203 5.0 16.0 0.0 1
1514512854284 5.0 16.0 0.0 1
1514512854363 5.0 16.0 0.0 1
1514512854444 5.0 16.0 0.0 1
1514512854603 0.0 54.0 1.0 1
1514512854763 5.0 17.0 0.0 1
1514512854843 5.0 16.0 0.0 1
1514512854948 5.0 16.0 0.0 1
1514512855004 5.0 18.0 0.0 1
1514512855163 5.0 17.0 0.0 1
1514512855243 5.0 16.0 0.0 1
1514512855323 5.0 16.0 0.0 1
1514512855403 5.0 16.0 0.0 1
1514512856123 0.0 46.0 1.0 1
1514512856283 5.0 17.0 0.0 1
1514512856363 5.0 16.0 0.0 1
1514512856444 5.0 16.0 0.0 1
1514512856523 5.0 16.0 0.0 1
1514512856604 5.0 16.0 0.0 1
1514512856684 5.0 17.0 0.0 1
1514512856763 0.0 50.0 1.0 1
1514512856923 5.0 16.0 0.0 1
1514512857003 5.0 16.0 0.0 1
1514512857083 5.0 16.0 0.0 1
1514512857163 5.0 21.0 0.0 1
1514512857243 5.0 19.0 0.0 1
1514512857323 5.0 17.0 0.0 1
1514512857403 5.0 15.0 0.0 1
1514512857484 5.0 16.0 0.0 1
1514512871563 0.0 46.0 1.0 1
1514512871643 5.0 17.0 0.0 1
1514512871724 5.0 16.0 0.0 1
1514512871803 5.0 16.0 0.0 1
1514512871883 5.0 17.0 0.0 1
1514512872043 5.0 17.0 0.0 1
1514512872124 5.0 16.0 0.0 1
1514512872203 5.0 16.0 0.0 1
1514512872283 5.0 16.0 0.0 1
1514512887299 5.0 16.0 0.0 2
1514512887381 5.0 16.0 0.0 2
1514512887461 5.0 16.0 0.0 2
1514512887542 5.0 16.0 0.0 2
1514512887622 5.0 16.0 0.0 2
1514512887702 5.0 16.0 0.0 2
1514512887781 5.0 16.0 0.0 2
1514512887861 5.0 16.0 0.0 2
