1514516521920 5.000305 0.0 0.0 0
1514516521957 5.000305 0.0 0.0 0
1514516629229 0.0 0.0 0.0 0
1514516629433 5.000305 0.0 0.0 0
1514516629935 0.0 0.0 0.0 0
1514516630143 5.000305 0.0 0.0 0
1514516657275 0.0 0.0 0.0 0
1514516659243 5.000305 0.0 0.0 0
1514516667368 0.0 0.0 0.0 0
1514516668180 5.000305 0.0 0.0 0
1514516668875 0.0 0.0 0.0 0
1514516669277 5.000305 0.0 0.0 0
1514516788787 0.0 0.0 0.0 0
1514516788988 5.000305 0.0 0.0 0
1514516794241 0.0 0.0 0.0 0
1514516794443 5.000305 0.0 0.0 0
1514516807882 0.0 0.0 0.0 0
1514516808083 5.000305 0.0 0.0 0
1514516857498 5.000305 0.0 0.0 1
1514516857546 5.000305 0.0 0.0 1
1514516864867 0.0 0.0 0.0 1
1514516865301 5.000305 0.0 0.0 1
1514516865507 0.0 0.0 0.0 1
1514516865507 5.000305 0.0 0.0 1
1514516872580 0.0 0.0 0.0 1
1514516872784 5.000305 0.0 0.0 1
1514516939652 0.0 0.0 0.0 1
1514516940066 5.000305 0.0 0.0 1
1514517074688 0.0 0.0 0.0 1
1514517074889 5.000305 0.0 0.0 1
1514517173144 5.000305 0.0 0.0 2
1514517173204 5.000305 0.0 0.0 2
