1514893983164 5.0 16.0 0.0 0
1514893983245 5.0 16.0 0.0 0
1514893983325 5.0 16.0 0.0 0
1514893983405 5.0 17.0 0.0 0
1514893983485 5.0 16.0 0.0 0
1514893983565 5.0 16.0 0.0 0
1514893983645 5.0 16.0 0.0 0
1514893983725 5.0 16.0 0.0 0
1514894299120 5.0 16.0 0.0 1
1514894299201 5.0 16.0 0.0 1
1514894299283 5.0 16.0 0.0 1
1514894299361 5.0 16.0 0.0 1
1514894299442 5.0 17.0 0.0 1
1514894299522 5.0 16.0 0.0 1
1514894299602 5.0 16.0 0.0 1
1514894299683 5.0 17.0 0.0 1
1514894614258 5.0 16.0 0.0 2
1514894614350 5.0 16.0 0.0 2
1514894614420 5.0 16.0 0.0 2
1514894614499 5.0 16.0 0.0 2
1514894614579 5.0 17.0 0.0 2
1514894614660 5.0 16.0 0.0 2
1514894614740 5.0 16.0 0.0 2
1514894614820 5.0 16.0 0.0 2
