1515374682352 5.0 16.0 0.0 0
1515374682434 5.0 16.0 0.0 0
1515374682514 5.0 16.0 0.0 0
1515374682594 5.0 16.0 0.0 0
1515374682674 5.0 17.0 0.0 0
1515374682754 5.0 16.0 0.0 0
1515374682834 5.0 16.0 0.0 0
1515374682914 5.0 16.0 0.0 0
1515375007022 5.0 16.0 0.0 1
1515375007104 5.0 16.0 0.0 1
1515375007183 5.0 17.0 0.0 1
1515375007264 5.0 17.0 0.0 1
1515375007344 5.0 17.0 0.0 1
1515375007423 5.0 17.0 0.0 1
1515375007503 5.0 17.0 0.0 1
1515375007583 5.0 16.0 0.0 1
1515375324488 5.0 17.0 0.0 2
1515375324569 5.0 17.0 0.0 2
1515375324649 5.0 17.0 0.0 2
1515375324730 5.0 17.0 0.0 2
1515375324810 5.0 17.0 0.0 2
1515375324890 5.0 16.0 0.0 2
1515375324970 5.0 16.0 0.0 2
1515375325050 5.0 17.0 0.0 2
