1514518671141 5.000305 193.0 0.0 1
1514518678216 0.0 224.0 0.0 1
1514518678406 5.000305 199.0 0.0 1
1514518988123 0.0 216.0 0.0 1
1514518999341 5.000305 193.0 0.0 2
1514519228623 0.0 212.0 0.0 2
1514519229198 5.000305 198.0 0.0 2
1514519332787 5.000305 195.0 0.0 0
1514519338228 0.0 216.0 0.0 0
1514519339087 5.000305 230.0 0.0 0
1514519339471 0.0 275.0 0.0 0
1514519340521 5.000305 211.0 0.0 0
1514519345300 0.0 222.0 0.0 0
1514519345972 5.000305 221.0 0.0 0
1514519350367 0.0 225.0 0.0 0
1514519350845 5.000305 213.0 0.0 0
1514519353617 0.0 733.0 0.0 0
1514519354189 5.000305 223.0 0.0 0
1514519368814 0.0 238.0 0.0 0
1514519369197 5.000305 221.0 0.0 0
1514519374931 0.0 233.0 0.0 0
1514519393762 5.000305 224.0 0.0 0
1514519394143 0.0 230.0 0.0 0
1514519394525 5.000305 214.0 0.0 0
1514519413260 0.0 364.0 0.0 0
1514519416422 5.000305 218.0 0.0 0
1514519468643 0.0 794.0 0.0 0
1514519469217 5.000305 250.0 0.0 0
1514519733316 5.000305 113.0 0.0 0
1514519751413 0.0 224.0 0.0 0
1514519801628 5.000305 150.0 0.0 0
