1515038880923 5.0 16.0 0.0 0
1515038881004 5.0 16.0 0.0 0
1515038881084 5.0 16.0 0.0 0
1515038881165 5.0 16.0 0.0 0
1515038881244 5.0 16.0 0.0 0
1515038881324 5.0 16.0 0.0 0
1515038881404 5.0 16.0 0.0 0
1515038881487 5.0 16.0 0.0 0
1515038909244 0.0 107.0 1.0 0
1515038909324 5.0 22.0 1.0 0
1515038909404 5.0 18.0 0.0 0
1515038909484 5.0 24.0 1.0 0
1515038909564 5.0 25.0 1.0 0
1515038909645 5.0 16.0 0.0 0
1515038909724 5.0 18.0 0.0 0
1515038909805 5.0 17.0 0.0 0
1515038909884 5.0 16.0 0.0 0
1515038978206 0.0 48.0 1.0 0
1515038978284 0.0 237.0 1.0 0
1515038978364 5.0 18.0 0.0 0
1515038978444 5.0 16.0 0.0 0
1515038978524 5.0 16.0 0.0 0
1515038978604 5.0 16.0 0.0 0
1515038978684 5.0 16.0 0.0 0
1515038978764 5.0 16.0 0.0 0
1515038978844 5.0 16.0 0.0 0
1515038978924 5.0 16.0 0.0 0
1515039105164 0.0 63.0 1.0 0
1515039105244 0.0 62.0 1.0 0
1515039105404 5.0 17.0 0.0 0
1515039105484 5.0 16.0 0.0 0
1515039105564 5.0 17.0 0.0 0
1515039105644 5.0 25.0 1.0 0
1515039105725 5.0 17.0 0.0 0
1515039105804 5.0 16.0 0.0 0
1515039105884 5.0 16.0 0.0 0
1515039105964 5.0 16.0 0.0 0
1515039151644 0.0 50.0 1.0 0
1515039151805 5.0 23.0 1.0 0
1515039151884 5.0 16.0 0.0 0
1515039151964 5.0 16.0 0.0 0
1515039152044 5.0 27.0 1.0 0
1515039152204 5.0 26.0 1.0 0
1515039152284 5.0 24.0 1.0 0
1515039152364 5.0 25.0 1.0 0
1515039152451 5.0 24.0 1.0 0
1515039208190 5.0 16.0 0.0 1
1515039208269 5.0 16.0 0.0 1
1515039208350 5.0 16.0 0.0 1
1515039208432 5.0 16.0 0.0 1
1515039208510 5.0 16.0 0.0 1
1515039208590 5.0 16.0 0.0 1
1515039208669 5.0 16.0 0.0 1
1515039208750 5.0 16.0 0.0 1
1515039222110 0.0 159.0 1.0 1
1515039222190 5.0 16.0 0.0 1
1515039222270 5.0 16.0 0.0 1
1515039222350 5.0 16.0 0.0 1
1515039222430 5.0 16.0 0.0 1
1515039222510 5.0 20.0 0.0 1
1515039222592 5.0 17.0 0.0 1
1515039222670 5.0 16.0 0.0 1
1515039222750 5.0 16.0 0.0 1
1515039274670 0.0 111.0 1.0 1
1515039274750 5.0 17.0 0.0 1
1515039274830 5.0 16.0 0.0 1
1515039274910 5.0 16.0 0.0 1
1515039274990 5.0 15.0 0.0 1
1515039275070 5.0 20.0 0.0 1
1515039275150 5.0 16.0 0.0 1
1515039275230 5.0 16.0 0.0 1
1515039275310 5.0 16.0 0.0 1
1515039277070 0.0 52.0 1.0 1
1515039277149 5.0 16.0 0.0 1
1515039277231 5.0 16.0 0.0 1
1515039277310 5.0 17.0 0.0 1
1515039277391 5.0 16.0 0.0 1
1515039277470 5.0 21.0 0.0 1
1515039277551 5.0 18.0 0.0 1
1515039277630 5.0 16.0 0.0 1
1515039277711 5.0 16.0 0.0 1
1515039286910 0.0 169.0 1.0 1
1515039287150 5.0 19.0 0.0 1
1515039287231 5.0 25.0 1.0 1
1515039287309 5.0 20.0 0.0 1
1515039287391 5.0 17.0 0.0 1
1515039287470 5.0 16.0 0.0 1
1515039287550 5.0 16.0 0.0 1
1515039287629 5.0 16.0 0.0 1
1515039287712 5.0 16.0 0.0 1
1515039293553 0.0 48.0 1.0 1
1515039293631 5.0 18.0 0.0 1
1515039293710 5.0 17.0 0.0 1
1515039293790 5.0 17.0 0.0 1
1515039293870 5.0 15.0 0.0 1
1515039293950 5.0 15.0 0.0 1
1515039294030 5.0 16.0 0.0 1
1515039294110 5.0 16.0 0.0 1
1515039294190 5.0 16.0 0.0 1
1515039298670 0.0 46.0 1.0 1
1515039298829 5.0 17.0 0.0 1
1515039298909 5.0 24.0 1.0 1
1515039299070 5.0 19.0 0.0 1
1515039299150 5.0 16.0 0.0 1
1515039299230 5.0 16.0 0.0 1
1515039299310 5.0 16.0 0.0 1
1515039299390 5.0 16.0 0.0 1
1515039299470 5.0 24.0 1.0 1
1515039303150 0.0 52.0 1.0 1
1515039303310 5.0 17.0 0.0 1
1515039303390 5.0 16.0 0.0 1
1515039303472 5.0 16.0 0.0 1
1515039303550 5.0 16.0 0.0 1
1515039303630 5.0 22.0 1.0 1
1515039303710 5.0 17.0 0.0 1
1515039303790 5.0 15.0 0.0 1
1515039303870 5.0 16.0 0.0 1
1515039304110 0.0 86.0 1.0 1
1515039304270 5.0 17.0 0.0 1
1515039304350 5.0 16.0 0.0 1
1515039304430 5.0 26.0 1.0 1
1515039304510 5.0 18.0 0.0 1
1515039304590 5.0 16.0 0.0 1
1515039304670 5.0 16.0 0.0 1
1515039304750 5.0 16.0 0.0 1
1515039304830 5.0 16.0 0.0 1
1515039306430 0.0 80.0 1.0 1
1515039306510 5.0 21.0 0.0 1
1515039306590 5.0 16.0 0.0 1
1515039306670 5.0 28.0 1.0 1
1515039306751 5.0 19.0 0.0 1
1515039306830 5.0 16.0 0.0 1
1515039306910 5.0 16.0 0.0 1
1515039306991 5.0 16.0 0.0 1
1515039307070 5.0 17.0 0.0 1
1515039323791 0.0 46.0 1.0 1
1515039323951 5.0 16.0 0.0 1
1515039324030 5.0 17.0 0.0 1
1515039324110 0.0 54.0 1.0 1
1515039324190 0.0 255.0 1.0 1
1515039324430 5.0 20.0 0.0 1
1515039324510 0.0 107.0 1.0 1
1515039324590 0.0 255.0 1.0 1
1515039324670 0.0 77.0 1.0 1
1515039324830 5.0 17.0 0.0 1
1515039324910 5.0 18.0 0.0 1
1515039324990 5.0 19.0 0.0 1
1515039325150 0.0 142.0 1.0 1
1515039325310 5.0 20.0 0.0 1
1515039325390 5.0 19.0 0.0 1
1515039325470 5.0 16.0 0.0 1
1515039325550 0.0 255.0 1.0 1
1515039325630 0.0 255.0 1.0 1
1515039325710 0.0 255.0 1.0 1
1515039325870 5.0 19.0 0.0 1
1515039325950 5.0 17.0 0.0 1
1515039326030 5.0 19.0 0.0 1
1515039326110 5.0 17.0 0.0 1
1515039326189 5.0 17.0 0.0 1
1515039326270 5.0 16.0 0.0 1
1515039326591 5.0 22.0 1.0 1
1515039326750 0.0 65.0 1.0 1
1515039326831 0.0 135.0 1.0 1
1515039326990 5.0 21.0 0.0 1
1515039327070 5.0 19.0 0.0 1
1515039327150 5.0 24.0 1.0 1
1515039327310 5.0 20.0 0.0 1
1515039327390 5.0 19.0 0.0 1
1515039327470 5.0 20.0 0.0 1
1515039327550 5.0 22.0 1.0 1
1515039327630 0.0 51.0 1.0 1
1515039327709 0.0 62.0 1.0 1
1515039327790 5.0 24.0 1.0 1
1515039327870 5.0 20.0 0.0 1
1515039327950 5.0 20.0 0.0 1
1515039328031 5.0 23.0 1.0 1
1515039328110 0.0 255.0 1.0 1
1515039328192 0.0 56.0 1.0 1
1515039328350 5.0 17.0 0.0 1
1515039328430 5.0 23.0 1.0 1
1515039328510 0.0 85.0 1.0 1
1515039328590 0.0 255.0 1.0 1
1515039328670 0.0 85.0 1.0 1
1515039328750 0.0 63.0 1.0 1
1515039328910 0.0 63.0 1.0 1
1515039328990 5.0 19.0 0.0 1
1515039329070 5.0 17.0 0.0 1
1515039329150 5.0 16.0 0.0 1
1515039329230 5.0 16.0 0.0 1
1515039329310 5.0 16.0 0.0 1
1515039329391 5.0 19.0 0.0 1
1515039329470 5.0 20.0 0.0 1
1515039329550 5.0 16.0 0.0 1
1515039334430 0.0 255.0 1.0 1
1515039334510 5.0 24.0 1.0 1
1515039334590 5.0 17.0 0.0 1
1515039334670 5.0 17.0 0.0 1
1515039334752 5.0 16.0 0.0 1
1515039334830 5.0 16.0 0.0 1
1515039334910 5.0 16.0 0.0 1
1515039334991 5.0 16.0 0.0 1
1515039335070 5.0 17.0 0.0 1
1515039399230 0.0 86.0 1.0 1
1515039399311 5.0 17.0 0.0 1
1515039399391 5.0 17.0 0.0 1
1515039399470 5.0 16.0 0.0 1
1515039399550 5.0 16.0 0.0 1
1515039399630 5.0 17.0 0.0 1
1515039399710 5.0 16.0 0.0 1
1515039399791 5.0 23.0 1.0 1
1515039399870 5.0 17.0 0.0 1
1515039429070 0.0 61.0 1.0 1
1515039429149 5.0 17.0 0.0 1
1515039429230 5.0 16.0 0.0 1
1515039429310 5.0 16.0 0.0 1
1515039429391 5.0 17.0 0.0 1
1515039429470 5.0 21.0 0.0 1
1515039429550 5.0 16.0 0.0 1
1515039429631 5.0 16.0 0.0 1
1515039429710 5.0 16.0 0.0 1
1515039446030 0.0 84.0 1.0 1
1515039446110 5.0 18.0 0.0 1
1515039446190 5.0 16.0 0.0 1
1515039446270 5.0 16.0 0.0 1
1515039446350 5.0 18.0 0.0 1
1515039446430 5.0 17.0 0.0 1
1515039446670 5.0 16.0 0.0 1
1515039446750 5.0 16.0 0.0 1
1515039446830 5.0 16.0 0.0 1
1515039453150 0.0 74.0 1.0 1
1515039453230 0.0 53.0 1.0 1
1515039453390 5.0 19.0 0.0 1
1515039453470 5.0 17.0 0.0 1
1515039453550 5.0 17.0 0.0 1
1515039453631 5.0 24.0 1.0 1
1515039453790 5.0 18.0 0.0 1
1515039453870 5.0 16.0 0.0 1
1515039453950 5.0 16.0 0.0 1
1515039454030 5.0 16.0 0.0 1
1515039454110 0.0 184.0 1.0 1
1515039454190 0.0 195.0 1.0 1
1515039454350 5.0 20.0 0.0 1
1515039454431 5.0 17.0 0.0 1
1515039454510 5.0 21.0 0.0 1
1515039454590 0.0 108.0 1.0 1
1515039454670 0.0 77.0 1.0 1
1515039454750 5.0 22.0 1.0 1
1515039454831 5.0 18.0 0.0 1
1515039454910 5.0 19.0 0.0 1
1515039454990 5.0 16.0 0.0 1
1515039455070 5.0 26.0 1.0 1
1515039455310 5.0 24.0 1.0 1
1515039455391 5.0 23.0 1.0 1
1515039455470 0.0 125.0 1.0 1
1515039455550 0.0 97.0 1.0 1
1515039455630 5.0 21.0 0.0 1
1515039455709 5.0 17.0 0.0 1
1515039455790 5.0 17.0 0.0 1
1515039455870 5.0 17.0 0.0 1
1515039455950 5.0 16.0 0.0 1
1515039456030 5.0 16.0 0.0 1
1515039456110 5.0 16.0 0.0 1
1515039456190 5.0 16.0 0.0 1
1515039459149 0.0 55.0 1.0 1
1515039459229 0.0 71.0 1.0 1
1515039459390 5.0 23.0 1.0 1
1515039459550 0.0 255.0 1.0 1
1515039459630 0.0 255.0 1.0 1
1515039459710 0.0 88.0 1.0 1
1515039459790 0.0 57.0 1.0 1
1515039459870 0.0 192.0 1.0 1
1515039459950 0.0 54.0 1.0 1
1515039460110 5.0 23.0 1.0 1
1515039460189 5.0 17.0 0.0 1
1515039460270 5.0 17.0 0.0 1
1515039460350 5.0 18.0 0.0 1
1515039460430 5.0 23.0 1.0 1
1515039460510 5.0 24.0 1.0 1
1515039460590 5.0 16.0 0.0 1
1515039460670 5.0 16.0 0.0 1
1515039465149 0.0 185.0 1.0 1
1515039465310 5.0 20.0 0.0 1
1515039465390 5.0 18.0 0.0 1
1515039465470 5.0 17.0 0.0 1
1515039465550 5.0 18.0 0.0 1
1515039465630 5.0 21.0 0.0 1
1515039465710 5.0 22.0 1.0 1
1515039465789 5.0 20.0 0.0 1
1515039465870 5.0 19.0 0.0 1
1515039472110 0.0 95.0 1.0 1
1515039472191 5.0 27.0 1.0 1
1515039472270 5.0 22.0 1.0 1
1515039472350 5.0 16.0 0.0 1
1515039472430 5.0 16.0 0.0 1
1515039472510 5.0 16.0 0.0 1
1515039472589 5.0 16.0 0.0 1
1515039472670 5.0 16.0 0.0 1
1515039472750 5.0 16.0 0.0 1
1515039472910 0.0 55.0 1.0 1
1515039472990 0.0 255.0 1.0 1
1515039473070 0.0 65.0 1.0 1
1515039473230 5.0 18.0 0.0 1
1515039473310 5.0 18.0 0.0 1
1515039473390 5.0 17.0 0.0 1
1515039473471 5.0 16.0 0.0 1
1515039473550 5.0 16.0 0.0 1
1515039473630 5.0 16.0 0.0 1
1515039473710 5.0 17.0 0.0 1
1515039473790 5.0 17.0 0.0 1
1515039475871 0.0 47.0 1.0 1
1515039476030 5.0 16.0 0.0 1
1515039476110 5.0 16.0 0.0 1
1515039476190 5.0 16.0 0.0 1
1515039476272 5.0 16.0 0.0 1
1515039476350 5.0 16.0 0.0 1
1515039476430 5.0 19.0 0.0 1
1515039476510 0.0 53.0 1.0 1
1515039476670 5.0 18.0 0.0 1
1515039476750 5.0 19.0 0.0 1
1515039476830 5.0 19.0 0.0 1
1515039476910 5.0 17.0 0.0 1
1515039476990 5.0 16.0 0.0 1
1515039477070 5.0 16.0 0.0 1
1515039477150 5.0 17.0 0.0 1
1515039477230 5.0 18.0 0.0 1
1515039478910 0.0 49.0 1.0 1
1515039479070 5.0 20.0 0.0 1
1515039479150 0.0 60.0 1.0 1
1515039479310 5.0 19.0 0.0 1
1515039479390 5.0 15.0 0.0 1
1515039479470 5.0 16.0 0.0 1
1515039479550 5.0 18.0 0.0 1
1515039479630 0.0 68.0 1.0 1
1515039479790 5.0 16.0 0.0 1
1515039479870 5.0 18.0 0.0 1
1515039479950 5.0 17.0 0.0 1
1515039480030 5.0 25.0 1.0 1
1515039480110 5.0 19.0 0.0 1
1515039480190 5.0 17.0 0.0 1
1515039480269 5.0 16.0 0.0 1
1515039480349 5.0 16.0 0.0 1
1515039480990 0.0 87.0 1.0 1
1515039481070 0.0 70.0 1.0 1
1515039481150 5.0 22.0 1.0 1
1515039481230 5.0 18.0 0.0 1
1515039481310 5.0 17.0 0.0 1
1515039481391 5.0 21.0 0.0 1
1515039481630 5.0 19.0 0.0 1
1515039481710 5.0 18.0 0.0 1
1515039481790 5.0 19.0 0.0 1
1515039481869 5.0 23.0 1.0 1
1515039486750 0.0 131.0 1.0 1
1515039486831 0.0 196.0 1.0 1
1515039486911 5.0 24.0 1.0 1
1515039486990 5.0 25.0 1.0 1
1515039487150 5.0 16.0 0.0 1
1515039487230 5.0 16.0 0.0 1
1515039487310 5.0 16.0 0.0 1
1515039487390 5.0 15.0 0.0 1
1515039487470 5.0 16.0 0.0 1
1515039487550 5.0 16.0 0.0 1
1515039488991 0.0 57.0 1.0 1
1515039489070 5.0 27.0 1.0 1
1515039489150 5.0 19.0 0.0 1
1515039489229 5.0 18.0 0.0 1
1515039489310 5.0 18.0 0.0 1
1515039489389 5.0 23.0 1.0 1
1515039489470 0.0 94.0 1.0 1
1515039489630 5.0 18.0 0.0 1
1515039489710 5.0 20.0 0.0 1
1515039489790 5.0 26.0 1.0 1
1515039489870 5.0 21.0 0.0 1
1515039489950 5.0 19.0 0.0 1
1515039490030 5.0 19.0 0.0 1
1515039490110 5.0 19.0 0.0 1
1515039490270 0.0 54.0 1.0 1
1515039490429 5.0 16.0 0.0 1
1515039490510 5.0 16.0 0.0 1
1515039490590 5.0 18.0 0.0 1
1515039490670 5.0 28.0 1.0 1
1515039490830 5.0 20.0 0.0 1
1515039490910 5.0 23.0 1.0 1
1515039490990 5.0 27.0 1.0 1
1515039491151 0.0 53.0 1.0 1
1515039491390 5.0 21.0 0.0 1
1515039491470 5.0 18.0 0.0 1
1515039491550 5.0 17.0 0.0 1
1515039491630 5.0 17.0 0.0 1
1515039491711 5.0 16.0 0.0 1
1515039491792 5.0 17.0 0.0 1
1515039491870 5.0 18.0 0.0 1
1515039491950 5.0 21.0 0.0 1
1515039500350 0.0 122.0 1.0 1
1515039500430 0.0 79.0 1.0 1
1515039500510 5.0 20.0 0.0 1
1515039500590 5.0 16.0 0.0 1
1515039500670 5.0 16.0 0.0 1
1515039500749 5.0 20.0 0.0 1
1515039500830 0.0 255.0 1.0 1
1515039500910 0.0 255.0 1.0 1
1515039500990 0.0 59.0 1.0 1
1515039501150 5.0 19.0 0.0 1
1515039501230 5.0 25.0 1.0 1
1515039501389 5.0 19.0 0.0 1
1515039501470 5.0 16.0 0.0 1
1515039501550 5.0 16.0 0.0 1
1515039501631 5.0 16.0 0.0 1
1515039501870 5.0 19.0 0.0 1
1515039501951 5.0 18.0 0.0 1
1515039504750 0.0 255.0 1.0 1
1515039504830 0.0 168.0 1.0 1
1515039504910 0.0 255.0 1.0 1
1515039504990 0.0 96.0 1.0 1
1515039505070 0.0 160.0 1.0 1
1515039505150 0.0 255.0 1.0 1
1515039505230 0.0 255.0 1.0 1
1515039505309 0.0 255.0 1.0 1
1515039506190 5.0 19.0 0.0 1
1515039506269 5.0 18.0 0.0 1
1515039506350 5.0 23.0 1.0 1
1515039506830 0.0 58.0 1.0 1
1515039506910 5.0 25.0 1.0 1
1515039506990 5.0 18.0 0.0 1
1515039507070 5.0 17.0 0.0 1
1515039507150 5.0 18.0 0.0 1
1515039507310 0.0 55.0 1.0 1
1515039507469 5.0 19.0 0.0 1
1515039507549 5.0 24.0 1.0 1
1515039507790 5.0 17.0 0.0 1
1515039507870 5.0 16.0 0.0 1
1515039507950 5.0 16.0 0.0 1
1515039508030 5.0 17.0 0.0 1
1515039508110 0.0 71.0 1.0 1
1515039508190 0.0 147.0 1.0 1
1515039508270 5.0 20.0 0.0 1
1515039508351 5.0 16.0 0.0 1
1515039508430 5.0 17.0 0.0 1
1515039508511 5.0 15.0 0.0 1
1515039508671 5.0 19.0 0.0 1
1515039508750 5.0 16.0 0.0 1
1515039508831 5.0 16.0 0.0 1
1515039508910 5.0 16.0 0.0 1
1515039510350 0.0 114.0 1.0 1
1515039510430 5.0 24.0 1.0 1
1515039510510 5.0 16.0 0.0 1
1515039510590 5.0 16.0 0.0 1
1515039510670 5.0 16.0 0.0 1
1515039510750 5.0 17.0 0.0 1
1515039510830 5.0 18.0 0.0 1
1515039510910 5.0 18.0 0.0 1
1515039510990 5.0 17.0 0.0 1
1515039514830 0.0 158.0 1.0 1
1515039514910 5.0 26.0 1.0 1
1515039514990 5.0 21.0 0.0 1
1515039515071 5.0 19.0 0.0 1
1515039515150 5.0 16.0 0.0 1
1515039515230 5.0 18.0 0.0 1
1515039515310 0.0 78.0 1.0 1
1515039515390 0.0 177.0 1.0 1
1515039515630 5.0 18.0 0.0 1
1515039515710 5.0 18.0 0.0 1
1515039515790 5.0 17.0 0.0 1
1515039515870 5.0 16.0 0.0 1
1515039515950 5.0 16.0 0.0 1
1515039516030 5.0 16.0 0.0 1
1515039516110 5.0 16.0 0.0 1
1515039516190 5.0 22.0 1.0 1
1515039527183 5.0 16.0 0.0 2
1515039527264 5.0 16.0 0.0 2
1515039527344 5.0 16.0 0.0 2
1515039527424 5.0 16.0 0.0 2
1515039527504 5.0 15.0 0.0 2
1515039527584 5.0 16.0 0.0 2
1515039527666 5.0 16.0 0.0 2
1515039527744 5.0 16.0 0.0 2
1515039540624 0.0 88.0 1.0 2
1515039540704 5.0 24.0 1.0 2
1515039540785 5.0 20.0 0.0 2
1515039540864 5.0 20.0 0.0 2
1515039540944 5.0 26.0 1.0 2
1515039541104 5.0 19.0 0.0 2
1515039541184 5.0 17.0 0.0 2
1515039541265 5.0 18.0 0.0 2
1515039541504 5.0 16.0 0.0 2
1515039545984 0.0 51.0 1.0 2
1515039546144 5.0 20.0 0.0 2
1515039546224 5.0 19.0 0.0 2
1515039546304 5.0 20.0 0.0 2
1515039546384 5.0 26.0 1.0 2
1515039546465 0.0 83.0 1.0 2
1515039546544 5.0 22.0 1.0 2
1515039546624 5.0 18.0 0.0 2
1515039546704 5.0 16.0 0.0 2
1515039546785 5.0 16.0 0.0 2
1515039546864 5.0 16.0 0.0 2
1515039546944 5.0 17.0 0.0 2
1515039547024 5.0 18.0 0.0 2
1515039547104 5.0 23.0 1.0 2
1515039554785 0.0 53.0 1.0 2
1515039555424 0.0 175.0 1.0 2
1515039555504 0.0 55.0 1.0 2
1515039555664 5.0 23.0 1.0 2
1515039555744 5.0 25.0 1.0 2
1515039555824 5.0 23.0 1.0 2
1515039555904 5.0 19.0 0.0 2
1515039555984 5.0 17.0 0.0 2
1515039556064 5.0 17.0 0.0 2
1515039556144 5.0 18.0 0.0 2
1515039556224 5.0 24.0 1.0 2
1515039558064 0.0 127.0 1.0 2
1515039558144 0.0 93.0 1.0 2
1515039558224 5.0 28.0 1.0 2
1515039558384 0.0 142.0 1.0 2
1515039558464 5.0 27.0 1.0 2
1515039558544 5.0 20.0 0.0 2
1515039558624 5.0 19.0 0.0 2
1515039558705 5.0 15.0 0.0 2
1515039558784 5.0 16.0 0.0 2
1515039558864 5.0 17.0 0.0 2
1515039558944 5.0 26.0 1.0 2
1515039559184 5.0 18.0 0.0 2
1515039566545 0.0 46.0 1.0 2
1515039566625 0.0 51.0 1.0 2
1515039566785 5.0 19.0 0.0 2
1515039566864 5.0 23.0 1.0 2
1515039566944 5.0 23.0 1.0 2
1515039567024 5.0 18.0 0.0 2
1515039567105 5.0 17.0 0.0 2
1515039567184 5.0 16.0 0.0 2
1515039567264 5.0 16.0 0.0 2
1515039567344 5.0 18.0 0.0 2
1515039578464 0.0 68.0 1.0 2
1515039578624 5.0 16.0 0.0 2
1515039578704 5.0 16.0 0.0 2
1515039578785 5.0 16.0 0.0 2
1515039578864 5.0 16.0 0.0 2
1515039578946 5.0 16.0 0.0 2
1515039579024 5.0 18.0 0.0 2
1515039579104 5.0 18.0 0.0 2
1515039579184 5.0 16.0 0.0 2
1515039580145 0.0 78.0 1.0 2
1515039580224 5.0 17.0 0.0 2
1515039580304 5.0 18.0 0.0 2
1515039580384 5.0 16.0 0.0 2
1515039580464 5.0 17.0 0.0 2
1515039580546 5.0 18.0 0.0 2
1515039580704 5.0 16.0 0.0 2
1515039580784 5.0 16.0 0.0 2
1515039580864 5.0 16.0 0.0 2
1515039605059 0.0 52.0 1.0 2
1515039605069 5.0 16.0 0.0 2
1515039605172 5.0 16.0 0.0 2
1515039605255 5.0 16.0 0.0 2
1515039605335 5.0 16.0 0.0 2
1515039605415 5.0 17.0 0.0 2
1515039605495 5.0 16.0 0.0 2
1515039605576 5.0 16.0 0.0 2
1515039605655 5.0 16.0 0.0 2
1515039606055 0.0 172.0 1.0 2
1515039606215 5.0 16.0 0.0 2
1515039606295 5.0 16.0 0.0 2
1515039606375 5.0 16.0 0.0 2
1515039606455 5.0 16.0 0.0 2
1515039606535 5.0 16.0 0.0 2
1515039606615 5.0 18.0 0.0 2
1515039606695 5.0 18.0 0.0 2
1515039606775 5.0 17.0 0.0 2
1515039636255 0.0 57.0 1.0 2
1515039636415 5.0 16.0 0.0 2
1515039636495 5.0 16.0 0.0 2
1515039636575 5.0 16.0 0.0 2
1515039636654 5.0 16.0 0.0 2
1515039636734 5.0 16.0 0.0 2
1515039636814 5.0 18.0 0.0 2
1515039636894 5.0 17.0 0.0 2
1515039636975 5.0 16.0 0.0 2
1515039643939 0.0 207.0 1.0 2
1515039644016 5.0 23.0 1.0 2
1515039644097 5.0 16.0 0.0 2
1515039644175 5.0 16.0 0.0 2
1515039644254 5.0 15.0 0.0 2
1515039644334 5.0 16.0 0.0 2
1515039644415 5.0 16.0 0.0 2
1515039644494 5.0 18.0 0.0 2
1515039644575 5.0 16.0 0.0 2
1515039652015 0.0 120.0 1.0 2
1515039652176 5.0 21.0 0.0 2
1515039652254 5.0 20.0 0.0 2
1515039652334 5.0 19.0 0.0 2
1515039652414 5.0 17.0 0.0 2
1515039652494 5.0 17.0 0.0 2
1515039652574 5.0 16.0 0.0 2
1515039652654 5.0 16.0 0.0 2
1515039652734 5.0 16.0 0.0 2
1515039660976 0.0 255.0 1.0 2
1515039661054 0.0 49.0 1.0 2
1515039661215 5.0 23.0 1.0 2
1515039661294 5.0 23.0 1.0 2
1515039661374 5.0 22.0 1.0 2
1515039661455 5.0 17.0 0.0 2
1515039661534 5.0 16.0 0.0 2
1515039661615 5.0 16.0 0.0 2
1515039661696 5.0 16.0 0.0 2
1515039661775 5.0 16.0 0.0 2
1515039664175 0.0 47.0 1.0 2
1515039664255 5.0 17.0 0.0 2
1515039664335 5.0 16.0 0.0 2
1515039664414 5.0 15.0 0.0 2
1515039664495 5.0 16.0 0.0 2
1515039664575 5.0 16.0 0.0 2
1515039664654 5.0 17.0 0.0 2
1515039664736 5.0 16.0 0.0 2
1515039664814 5.0 16.0 0.0 2
1515039666738 0.0 78.0 1.0 2
1515039666814 0.0 46.0 1.0 2
1515039666975 5.0 16.0 0.0 2
1515039667056 5.0 16.0 0.0 2
1515039667135 5.0 21.0 0.0 2
1515039667214 5.0 16.0 0.0 2
1515039667294 5.0 24.0 1.0 2
1515039667376 5.0 19.0 0.0 2
1515039667455 5.0 17.0 0.0 2
1515039667534 5.0 16.0 0.0 2
1515039692051 0.0 148.0 1.0 2
1515039692155 5.0 17.0 0.0 2
1515039692236 5.0 17.0 0.0 2
1515039692316 5.0 17.0 0.0 2
1515039692397 5.0 16.0 0.0 2
1515039692477 5.0 16.0 0.0 2
1515039692557 5.0 16.0 0.0 2
1515039692637 5.0 16.0 0.0 2
1515039692718 5.0 16.0 0.0 2
1515039739820 0.0 255.0 1.0 2
1515039739901 5.0 27.0 1.0 2
1515039739980 5.0 16.0 0.0 2
1515039740060 5.0 15.0 0.0 2
1515039740140 5.0 16.0 0.0 2
1515039740220 5.0 17.0 0.0 2
1515039740300 0.0 90.0 1.0 2
1515039740380 5.0 17.0 0.0 2
1515039740460 5.0 17.0 0.0 2
1515039740539 5.0 17.0 0.0 2
1515039740620 5.0 16.0 0.0 2
1515039740700 5.0 16.0 0.0 2
1515039740780 5.0 16.0 0.0 2
1515039740861 5.0 16.0 0.0 2
1515039740940 5.0 16.0 0.0 2
1515039746540 0.0 55.0 1.0 2
1515039746621 5.0 16.0 0.0 2
1515039746700 5.0 15.0 0.0 2
1515039746779 5.0 16.0 0.0 2
1515039746859 5.0 16.0 0.0 2
1515039746939 5.0 16.0 0.0 2
1515039747019 5.0 17.0 0.0 2
1515039747099 5.0 16.0 0.0 2
1515039747180 5.0 15.0 0.0 2
1515039767900 0.0 61.0 1.0 2
1515039768060 5.0 17.0 0.0 2
1515039768140 5.0 16.0 0.0 2
1515039768220 5.0 15.0 0.0 2
1515039768300 5.0 15.0 0.0 2
1515039768380 5.0 19.0 0.0 2
1515039768460 5.0 17.0 0.0 2
1515039768540 5.0 17.0 0.0 2
1515039768620 5.0 17.0 0.0 2
1515039770460 0.0 47.0 1.0 2
1515039770539 0.0 56.0 1.0 2
1515039770620 5.0 25.0 1.0 2
1515039770700 5.0 18.0 0.0 2
1515039770780 5.0 16.0 0.0 2
1515039770859 5.0 19.0 0.0 2
1515039770939 5.0 19.0 0.0 2
1515039771021 5.0 17.0 0.0 2
1515039771100 5.0 16.0 0.0 2
1515039771180 5.0 16.0 0.0 2
1515039772780 0.0 48.0 1.0 2
1515039772940 5.0 16.0 0.0 2
1515039773020 5.0 16.0 0.0 2
1515039773100 5.0 15.0 0.0 2
1515039773180 5.0 16.0 0.0 2
1515039773260 5.0 16.0 0.0 2
1515039773340 5.0 16.0 0.0 2
1515039773421 5.0 17.0 0.0 2
1515039773500 5.0 22.0 1.0 2
1515039773740 0.0 50.0 1.0 2
1515039773820 5.0 16.0 0.0 2
1515039773900 5.0 15.0 0.0 2
1515039773980 5.0 16.0 0.0 2
1515039774060 5.0 16.0 0.0 2
1515039774140 5.0 16.0 0.0 2
1515039774220 5.0 16.0 0.0 2
1515039774300 5.0 16.0 0.0 2
1515039774380 5.0 16.0 0.0 2
1515039777101 0.0 103.0 1.0 2
1515039777179 5.0 27.0 1.0 2
1515039777259 5.0 21.0 0.0 2
1515039777340 5.0 16.0 0.0 2
1515039777420 5.0 16.0 0.0 2
1515039777500 5.0 24.0 1.0 2
1515039777580 5.0 18.0 0.0 2
1515039777659 5.0 16.0 0.0 2
1515039777740 5.0 15.0 0.0 2
1515039782860 0.0 66.0 1.0 2
1515039783100 5.0 22.0 1.0 2
1515039783180 5.0 19.0 0.0 2
1515039783260 5.0 17.0 0.0 2
1515039783344 5.0 16.0 0.0 2
1515039783431 5.0 16.0 0.0 2
1515039783500 5.0 15.0 0.0 2
1515039783579 5.0 15.0 0.0 2
1515039783659 5.0 16.0 0.0 2
1515039784941 0.0 72.0 1.0 2
1515039785020 5.0 24.0 1.0 2
1515039785100 5.0 18.0 0.0 2
1515039785180 5.0 16.0 0.0 2
1515039785260 5.0 16.0 0.0 2
1515039785340 5.0 16.0 0.0 2
1515039785420 5.0 17.0 0.0 2
1515039785499 5.0 19.0 0.0 2
1515039785580 5.0 20.0 0.0 2
1515039786380 0.0 255.0 1.0 2
1515039786460 0.0 255.0 1.0 2
1515039786540 5.0 27.0 1.0 2
1515039786620 5.0 20.0 0.0 2
1515039786700 5.0 21.0 0.0 2
1515039786779 5.0 16.0 0.0 2
1515039786860 5.0 16.0 0.0 2
1515039786940 5.0 16.0 0.0 2
1515039787020 5.0 16.0 0.0 2
1515039787100 5.0 17.0 0.0 2
1515039809660 0.0 164.0 1.0 2
1515039809740 0.0 64.0 1.0 2
1515039810139 5.0 18.0 0.0 2
1515039810219 5.0 16.0 0.0 2
1515039810300 5.0 16.0 0.0 2
1515039810380 5.0 16.0 0.0 2
1515039810459 5.0 16.0 0.0 2
1515039810540 5.0 19.0 0.0 2
1515039810620 5.0 19.0 0.0 2
1515039810700 5.0 19.0 0.0 2
1515039818700 0.0 100.0 1.0 2
1515039818780 0.0 52.0 1.0 2
1515039818939 5.0 16.0 0.0 2
1515039819019 5.0 16.0 0.0 2
1515039819260 5.0 15.0 0.0 2
1515039819340 5.0 16.0 0.0 2
1515039819420 5.0 16.0 0.0 2
1515039819500 5.0 16.0 0.0 2
1515039819580 5.0 18.0 0.0 2
1515039819660 5.0 25.0 1.0 2
1515039824380 0.0 49.0 1.0 2
1515039824539 5.0 18.0 0.0 2
1515039824620 5.0 16.0 0.0 2
1515039824700 5.0 16.0 0.0 2
1515039824780 5.0 16.0 0.0 2
1515039824861 5.0 18.0 0.0 2
1515039824940 5.0 22.0 1.0 2
1515039825180 5.0 22.0 1.0 2
1515039825260 5.0 16.0 0.0 2
1515039835420 0.0 60.0 1.0 2
1515039835500 5.0 16.0 0.0 2
1515039835580 5.0 17.0 0.0 2
1515039835660 5.0 15.0 0.0 2
1515039835740 5.0 16.0 0.0 2
1515039835820 5.0 23.0 1.0 2
1515039835979 5.0 16.0 0.0 2
1515039836059 5.0 15.0 0.0 2
1515039836140 5.0 15.0 0.0 2
1515039841100 0.0 127.0 1.0 2
1515039841180 5.0 23.0 1.0 2
1515039841260 5.0 16.0 0.0 2
1515039841340 5.0 16.0 0.0 2
1515039841420 5.0 16.0 0.0 2
1515039841500 5.0 16.0 0.0 2
1515039841580 5.0 16.0 0.0 2
1515039841660 5.0 16.0 0.0 2
1515039841740 5.0 16.0 0.0 2
1515039850460 0.0 67.0 1.0 2
1515039850620 5.0 18.0 0.0 2
1515039850700 5.0 16.0 0.0 2
1515039850780 5.0 16.0 0.0 2
1515039850860 5.0 16.0 0.0 2
1515039850939 5.0 16.0 0.0 2
1515039851019 5.0 18.0 0.0 2
1515039851100 5.0 17.0 0.0 2
1515039851181 5.0 17.0 0.0 2
