1515316745226 5.0 15.0 0.0 0
1515316745307 5.0 16.0 0.0 0
1515316745386 5.0 16.0 0.0 0
1515316745466 5.0 16.0 0.0 0
1515316745546 5.0 16.0 0.0 0
1515316745626 5.0 15.0 0.0 0
1515316745707 5.0 16.0 0.0 0
1515316745786 5.0 16.0 0.0 0
1515317082255 5.0 16.0 0.0 1
1515317082336 5.0 16.0 0.0 1
1515317082416 5.0 16.0 0.0 1
1515317082496 5.0 15.0 0.0 1
1515317082576 5.0 15.0 0.0 1
1515317082657 5.0 15.0 0.0 1
1515317082736 5.0 16.0 0.0 1
1515317082816 5.0 16.0 0.0 1
1515319010576 5.0 16.0 0.0 2
1515319010658 5.0 17.0 0.0 2
1515319010738 5.0 16.0 0.0 2
1515319010818 5.0 17.0 0.0 2
1515319010900 5.0 17.0 0.0 2
1515319010978 5.0 16.0 0.0 2
1515319011058 5.0 17.0 0.0 2
1515319011139 5.0 17.0 0.0 2
