1514634194256 5.0 16.0 0.0 0
1514634194338 5.0 16.0 0.0 0
1514634194420 5.0 16.0 0.0 0
1514634194499 5.0 17.0 0.0 0
1514634194579 5.0 16.0 0.0 0
1514634194664 5.0 16.0 0.0 0
1514634194738 5.0 17.0 0.0 0
1514634194818 5.0 16.0 0.0 0
1514634521026 5.0 16.0 0.0 1
1514634521110 5.0 17.0 0.0 1
1514634521188 5.0 17.0 0.0 1
1514634521268 5.0 17.0 0.0 1
1514634521348 5.0 16.0 0.0 1
1514634521428 5.0 17.0 0.0 1
1514634521508 5.0 16.0 0.0 1
1514634521588 5.0 17.0 0.0 1
1514634684468 0.0 54.0 1.0 1
1514634684552 0.0 59.0 1.0 1
1514634684628 0.0 58.0 1.0 1
1514634684708 0.0 61.0 1.0 1
1514634684788 0.0 73.0 1.0 1
1514634684868 0.0 84.0 1.0 1
1514634684948 0.0 92.0 1.0 1
1514634685028 0.0 255.0 1.0 1
1514634695908 5.0 17.0 0.0 1
1514634695988 5.0 16.0 0.0 1
1514634696069 5.0 16.0 0.0 1
1514634696148 5.0 17.0 0.0 1
1514634696228 5.0 17.0 0.0 1
1514634696308 5.0 16.0 0.0 1
1514634696388 5.0 16.0 0.0 1
1514634696469 5.0 16.0 0.0 1
1514634750308 0.0 53.0 1.0 1
1514634750388 0.0 62.0 1.0 1
1514634750468 0.0 72.0 1.0 1
1514634750552 0.0 83.0 1.0 1
1514634750628 0.0 101.0 1.0 1
1514634750708 0.0 110.0 1.0 1
1514634750789 0.0 113.0 1.0 1
1514634750870 0.0 134.0 1.0 1
1514634790773 5.0 16.0 0.0 1
1514634790855 5.0 16.0 0.0 1
1514634790933 5.0 17.0 0.0 1
1514634791019 5.0 18.0 0.0 1
1514634791109 5.0 18.0 0.0 1
1514634791179 5.0 17.0 0.0 1
1514634791263 5.0 16.0 0.0 1
1514634791335 5.0 16.0 0.0 1
1514634859558 5.0 16.0 0.0 2
1514634859642 5.0 16.0 0.0 2
1514634859718 5.0 16.0 0.0 2
1514634859798 5.0 16.0 0.0 2
1514634859878 5.0 16.0 0.0 2
1514634859959 5.0 16.0 0.0 2
1514634860039 5.0 16.0 0.0 2
1514634860118 5.0 16.0 0.0 2
