1514524082156 5.0 20.0 0.0 0
1514524082237 5.0 21.0 0.0 0
1514524082317 5.0 20.0 0.0 0
1514524082397 5.0 20.0 0.0 0
1514524082477 5.0 20.0 0.0 0
1514524082557 5.0 21.0 0.0 0
1514524082637 5.0 20.0 0.0 0
1514524082717 5.0 21.0 0.0 0
1514524084236 0.0 52.0 1.0 0
1514524084796 0.0 88.0 1.0 0
1514524084876 0.0 73.0 1.0 0
1514524084956 0.0 73.0 1.0 0
1514524085036 0.0 72.0 1.0 0
1514524085116 0.0 73.0 1.0 0
1514524085196 0.0 73.0 1.0 0
1514524085276 0.0 73.0 1.0 0
1514524298067 5.0 24.0 0.0 0
1514524298070 5.0 22.0 0.0 0
1514524298074 5.0 21.0 0.0 0
1514524298077 5.0 21.0 0.0 0
1514524298080 5.0 21.0 0.0 0
1514524298084 5.0 21.0 0.0 0
1514524558345 5.0 21.0 0.0 1
1514524558425 5.0 21.0 0.0 1
1514524558505 5.0 21.0 0.0 1
1514524558585 5.0 21.0 0.0 1
1514524558665 5.0 21.0 0.0 1
1514524558746 5.0 21.0 0.0 1
1514524558825 5.0 21.0 0.0 1
1514524558905 5.0 21.0 0.0 1
1514524890617 5.0 22.0 0.0 2
1514524890697 5.0 22.0 0.0 2
1514524890777 5.0 21.0 0.0 2
1514524890857 5.0 22.0 0.0 2
1514524890937 5.0 22.0 0.0 2
1514524891017 5.0 22.0 0.0 2
1514524891097 5.0 22.0 0.0 2
1514524891177 5.0 22.0 0.0 2
