1514521105418 5.0 22.0 0.0 0
1514521105498 5.0 22.0 0.0 0
1514521105578 5.0 22.0 0.0 0
1514521105658 5.0 22.0 0.0 0
1514521105738 5.0 22.0 0.0 0
1514521105818 5.0 23.0 0.0 0
1514521105897 5.0 22.0 0.0 0
1514521105978 5.0 23.0 0.0 0
1514521421223 5.0 20.0 0.0 1
1514521421305 5.0 20.0 0.0 1
1514521421383 5.0 20.0 0.0 1
1514521421463 5.0 21.0 0.0 1
1514521421543 5.0 21.0 0.0 1
1514521421624 5.0 21.0 0.0 1
1514521421703 5.0 20.0 0.0 1
1514521421783 5.0 20.0 0.0 1
1514521736002 5.0 21.0 0.0 2
1514521736083 5.0 20.0 0.0 2
1514521736162 5.0 20.0 0.0 2
1514521736242 5.0 21.0 0.0 2
1514521736323 5.0 21.0 0.0 2
1514521736402 5.0 20.0 0.0 2
1514521736483 5.0 21.0 0.0 2
1514521736562 5.0 20.0 0.0 2
